1,-3.77,0.71,-7.22,0,17,31,46,936
1,-3.69,0.82,-7.02,0,17,31,47,5
1,-3.80,0.78,-6.94,0,17,31,48,78
1,-4.12,0.55,-7.34,0,17,31,49,152
1,-4.16,0.24,-7.22,0,17,31,50,225
1,-4.00,0.12,-7.18,0,17,31,51,294
1,-4.00,-0.24,-7.30,0,17,31,52,363
1,-3.69,-0.20,-5.88,0,17,31,53,432
1,-4.00,0.94,-7.69,0,17,31,54,503
1,-4.55,0.51,-6.79,0,17,31,55,574
1,-3.77,0.08,-7.18,0,17,31,56,642
1,-4.24,0.08,-7.26,0,17,31,57,711
1,-3.80,0.20,-7.37,0,17,31,58,783
1,-3.96,0.20,-7.06,0,17,31,59,851
1,-3.80,0.04,-7.18,0,17,32,0,922
1,-3.65,0.27,-7.37,0,17,32,1,994
1,-3.88,0.35,-7.06,0,17,32,2,61
1,-3.96,0.20,-7.34,0,17,32,3,133
1,-3.73,0.20,-7.30,0,17,32,4,200
1,-3.73,-0.04,-7.22,0,17,32,5,269
1,-3.80,0.16,-7.02,0,17,32,6,339
1,-3.49,0.16,-7.06,0,17,32,7,410
1,-3.49,0.16,-7.26,0,17,32,8,495
1,-3.65,0.04,-7.14,0,17,32,9,564
1,-3.41,0.08,-7.37,0,17,32,10,633
1,-3.49,0.31,-7.45,0,17,32,11,712
1,-3.69,0.20,-7.49,0,17,32,12,780
1,-3.80,0.16,-7.69,0,17,32,13,847
1,-3.92,0.86,-6.39,0,17,32,14,916
1,-3.53,-0.08,-8.43,0,17,32,15,985
1,-4.08,0.43,-8.12,0,17,32,16,55
1,-3.69,0.43,-7.57,0,17,32,17,123
1,-3.49,0.12,-7.81,0,17,32,18,192
1,-3.18,-0.08,-7.65,0,17,32,19,261
1,-3.22,-0.04,-6.75,0,17,32,20,331
1,-3.49,-0.39,-6.47,0,17,32,21,399
1,-3.30,-0.08,-6.35,0,17,32,22,469
1,-3.65,0.12,-6.71,0,17,32,23,537
1,-3.41,0.67,-7.30,0,17,32,24,606
1,-3.14,0.94,-6.98,0,17,32,25,675
1,-3.69,1.29,-7.81,0,17,32,26,744
1,-3.92,0.94,-7.73,0,17,32,27,811
1,-3.84,0.75,-7.41,0,17,32,28,879
1,-3.80,0.63,-8.12,0,17,32,29,949
1,-3.84,0.63,-7.57,0,17,32,30,18
1,-3.57,0.98,-6.79,0,17,32,31,88
1,-3.80,1.10,-6.75,0,17,32,32,156
1,-3.73,1.14,-6.90,0,17,32,33,225
1,-3.88,1.33,-7.02,0,17,32,34,293
1,-3.77,1.37,-7.49,0,17,32,35,361
1,-3.61,0.94,-7.49,0,17,32,36,433
1,-3.80,0.78,-6.71,0,17,32,37,501
1,-3.65,0.31,-7.57,0,17,32,38,570
1,-3.77,0.39,-6.75,0,17,32,39,639
1,-3.61,0.63,-6.79,0,17,32,40,709
1,-3.88,0.47,-7.37,0,17,32,41,777
1,-3.96,0.39,-6.98,0,17,32,42,846
1,-3.92,0.43,-7.26,0,17,32,43,917
1,-3.69,0.39,-7.34,0,17,32,44,995
1,-3.92,0.20,-7.06,0,17,32,45,64
1,-3.77,0.16,-7.34,0,17,32,46,133
1,-3.80,0.27,-6.98,0,17,32,47,201
1,-3.69,0.27,-7.06,0,17,32,48,272
1,-3.80,0.27,-7.22,0,17,32,49,340
1,-3.96,0.31,-7.22,0,17,32,50,409
1,-3.80,0.35,-7.34,0,17,32,51,477
1,-3.61,0.39,-7.06,0,17,32,52,546
1,-3.61,0.27,-7.34,0,17,32,53,615
1,-3.77,0.31,-7.45,0,17,32,54,691
1,-3.65,0.31,-7.30,0,17,32,55,758
1,-3.69,0.51,-7.30,0,17,32,56,827
1,-3.77,0.47,-7.18,0,17,32,57,897
1,-3.73,0.59,-7.34,0,17,32,58,966
1,-3.69,0.67,-7.34,0,17,32,59,36
1,-3.69,0.51,-7.06,0,17,33,0,106
1,-3.61,0.63,-7.34,0,17,33,1,174
1,-3.69,0.59,-7.37,0,17,33,2,242
1,-3.73,0.71,-7.53,0,17,33,3,310
1,-3.30,0.59,-7.37,0,17,33,4,392
1,-4.12,0.39,-6.32,0,17,33,5,460
1,-3.57,0.27,-7.53,0,17,33,6,541
1,-3.69,0.35,-7.69,0,17,33,7,611
1,-3.65,0.08,-7.14,0,17,33,8,680
1,-3.57,0.27,-7.26,0,17,33,9,750
1,-3.49,0.67,-7.22,0,17,33,10,823
1,-3.45,0.63,-7.37,0,17,33,11,892
1,-3.61,0.71,-7.53,0,17,33,12,960
1,-3.53,0.82,-7.10,0,17,33,13,28
1,-3.65,0.78,-7.81,0,17,33,14,96
1,-3.65,0.82,-7.45,0,17,33,15,171
1,-3.57,0.51,-7.14,0,17,33,16,240
1,-3.69,0.43,-5.69,0,17,33,17,309
1,-3.41,0.16,-8.55,0,17,33,18,427
1,-3.65,0.43,-7.65,0,17,33,19,495
1,-3.77,0.35,-6.94,0,17,33,20,565
1,-3.45,0.47,-7.30,0,17,33,21,688
1,-3.69,-0.08,-7.14,0,17,33,22,758
1,-3.65,-0.35,-6.94,0,17,33,23,826
1,-3.53,-0.39,-7.37,0,17,33,24,894
1,-3.61,-0.31,-7.34,0,17,33,25,963
1,-3.30,-0.20,-7.06,0,17,33,26,32
1,-3.26,-0.35,-7.37,0,17,33,27,103
1,-3.53,0.00,-7.37,0,17,33,28,174
1,-3.30,0.00,-7.73,0,17,33,29,244
1,-3.65,-0.16,-7.41,0,17,33,30,312
1,-3.45,-0.43,-7.06,0,17,33,31,384
1,-3.14,-0.24,-7.30,0,17,33,32,454
1,-3.14,-0.31,-7.30,0,17,33,33,524
1,-3.45,-0.43,-7.30,0,17,33,34,593
1,-3.61,-0.31,-7.37,0,17,33,35,661
1,-3.53,0.27,-7.61,0,17,33,36,729
1,-3.80,0.00,-7.49,0,17,33,37,798
1,-3.69,-0.04,-7.45,0,17,33,38,866
1,-3.18,0.08,-7.30,0,17,33,39,935
1,-3.26,0.35,-7.30,0,17,33,40,4
1,-3.45,0.71,-7.30,0,17,33,41,80
1,-2.94,0.39,-7.02,0,17,33,42,153
1,-3.22,1.02,-8.32,0,17,33,43,221
1,-3.65,0.94,-6.94,0,17,33,44,290
1,-2.75,1.65,-7.22,0,17,33,45,360
1,-3.73,1.10,-6.71,0,17,33,46,428
1,-3.22,1.29,-8.04,0,17,33,47,499
1,-3.30,0.98,-6.94,0,17,33,48,570
1,-3.37,0.59,-7.41,0,17,33,49,640
1,-3.37,1.02,-7.73,0,17,33,50,708
1,-3.49,0.94,-7.22,0,17,33,51,776
1,-3.26,1.10,-7.53,0,17,33,52,845
1,-3.49,0.94,-7.37,0,17,33,53,913
1,-3.77,1.10,-7.65,0,17,33,54,982
1,-2.98,0.63,-7.10,0,17,33,55,50
1,-3.41,1.06,-7.53,0,17,33,56,119
1,-3.49,0.82,-7.41,0,17,33,57,189
1,-3.41,1.49,-7.10,0,17,33,58,259
1,-3.88,0.55,-7.02,0,17,33,59,328
1,-3.41,0.98,-7.10,0,17,34,0,401
1,-3.49,0.86,-7.18,0,17,34,1,470
1,-3.61,1.22,-7.10,0,17,34,2,539
1,-3.18,0.82,-6.20,0,17,34,3,609
1,-3.37,1.65,-8.36,0,17,34,4,676
1,-4.08,1.14,-6.35,0,17,34,5,745
1,-4.28,1.65,-8.24,0,17,34,6,814
1,-3.33,1.10,-6.86,0,17,34,7,883
1,-3.65,1.37,-7.49,0,17,34,8,950
1,-3.61,1.10,-7.30,0,17,34,9,19
1,-3.49,1.18,-7.45,0,17,34,10,88
1,-3.53,1.06,-7.18,0,17,34,11,156
1,-3.49,1.02,-6.71,0,17,34,12,224
1,-3.22,1.49,-7.41,0,17,34,13,293
1,-2.98,0.82,-7.06,0,17,34,14,362
1,-3.77,0.98,-7.41,0,17,34,15,436
1,-3.49,0.63,-7.69,0,17,34,16,509
1,-3.45,0.98,-7.53,0,17,34,17,577
1,-3.22,2.00,-6.35,0,17,34,18,645
1,-3.26,0.94,-7.14,0,17,34,19,714
1,-3.84,1.18,-7.22,0,17,34,20,783
1,-3.49,1.49,-7.10,0,17,34,21,854
1,-3.57,1.22,-7.37,0,17,34,22,922
1,-3.69,1.29,-7.30,0,17,34,23,991
1,-3.65,1.18,-7.10,0,17,34,24,60
1,-3.69,1.29,-7.45,0,17,34,25,128
1,-3.53,1.37,-7.34,0,17,34,26,196
1,-3.37,1.45,-7.22,0,17,34,27,265
1,-3.45,1.33,-6.98,0,17,34,28,333
1,-3.22,1.77,-6.51,0,17,34,29,404
1,-3.92,1.10,-7.18,0,17,34,30,473
1,-3.80,1.22,-7.53,0,17,34,31,542
1,-3.45,1.37,-7.41,0,17,34,32,611
1,-3.61,1.26,-7.14,0,17,34,33,680
1,-3.53,1.26,-7.34,0,17,34,34,749
1,-3.57,1.29,-7.10,0,17,34,35,816
1,-3.49,1.14,-7.22,0,17,34,36,885
1,-3.33,1.26,-7.41,0,17,34,37,953
1,-3.41,1.26,-7.22,0,17,34,38,21
1,-3.57,1.18,-7.37,0,17,34,39,91
1,-3.49,1.26,-7.45,0,17,34,40,172
1,-3.45,1.10,-7.26,0,17,34,41,240
1,-3.45,0.78,-6.94,0,17,34,42,309
1,-3.14,2.12,-8.24,0,17,34,43,379
1,-3.65,1.18,-7.53,0,17,34,44,452
1,-3.41,1.26,-7.02,0,17,34,45,527
1,-3.69,0.98,-7.45,0,17,34,45,599
1,-3.53,1.14,-7.45,0,17,34,45,667
1,-3.57,1.18,-7.30,0,17,34,45,737
1,-3.65,1.26,-7.18,0,17,34,45,805
1,-3.69,1.14,-7.30,0,17,34,45,874
1,-3.73,1.14,-7.49,0,17,34,45,941
1,-3.77,1.10,-7.41,0,17,34,46,11
1,-3.88,1.02,-7.26,0,17,34,46,79
1,-3.80,1.06,-7.10,0,17,34,46,148
1,-3.80,1.10,-6.79,0,17,34,46,215
1,-3.77,1.02,-6.94,0,17,34,46,283
1,-3.96,0.94,-6.98,0,17,34,46,353
1,-3.84,1.10,-7.22,0,17,34,46,422
1,-3.96,1.06,-7.14,0,17,34,46,497
1,-3.92,1.14,-7.22,0,17,34,46,565
1,-4.00,1.06,-7.14,0,17,34,46,633
1,-4.04,1.06,-7.06,0,17,34,46,703
1,-3.96,1.14,-6.94,0,17,34,46,770
1,-4.08,1.18,-7.10,0,17,34,46,839
1,-3.96,1.10,-6.98,0,17,34,46,907
1,-4.08,1.10,-7.14,0,17,34,46,975
1,-4.24,1.14,-6.83,0,17,34,47,45
1,-4.00,0.94,-7.22,0,17,34,47,113
1,-4.16,0.71,-7.02,0,17,34,47,181
1,-4.08,0.71,-7.06,0,17,34,47,249
1,-4.28,0.67,-7.18,0,17,34,47,318
1,-4.35,0.47,-6.83,0,17,34,47,388
1,-4.20,0.59,-7.06,0,17,34,47,457
1,-4.12,0.51,-7.14,0,17,34,47,526
1,-4.20,0.55,-7.02,0,17,34,47,594
1,-4.31,0.55,-6.83,0,17,34,47,664
1,-4.20,0.51,-7.30,0,17,34,47,733
1,-4.12,0.90,-6.83,0,17,34,47,801
1,-4.28,0.82,-7.34,0,17,34,47,869
1,-4.24,0.75,-7.06,0,17,34,47,938
1,-4.00,0.75,-7.02,0,17,34,48,7
1,-3.49,0.27,-7.73,0,17,34,48,78
1,-4.51,0.86,-7.02,0,17,34,48,146
1,-4.51,1.22,-7.45,0,17,34,48,215
1,-4.12,0.55,-7.45,0,17,34,48,283
1,-3.96,0.71,-6.90,0,17,34,48,351
1,-4.12,0.71,-7.26,0,17,34,48,419
1,-4.00,0.67,-7.14,0,17,34,48,488
1,-3.96,1.18,-6.90,0,17,34,48,556
1,-4.08,1.18,-7.06,0,17,34,48,626
1,-3.96,1.18,-6.94,0,17,34,48,693
1,-4.28,1.22,-6.86,0,17,34,48,761
1,-4.12,0.94,-6.86,0,17,34,48,829
1,-4.39,0.98,-6.86,0,17,34,48,898
1,-4.12,1.26,-7.06,0,17,34,48,967
1,-3.92,1.33,-6.35,0,17,34,49,35
1,-4.16,1.29,-7.02,0,17,34,49,105
1,-4.08,1.22,-6.83,0,17,34,49,179
1,-4.00,0.63,-6.79,0,17,34,49,248
1,-4.82,0.39,-7.61,0,17,34,49,316
1,-3.57,-0.39,-6.28,0,17,34,49,385
1,-3.77,0.39,-7.53,0,17,34,49,457
1,-4.82,-0.31,-7.26,0,17,34,49,526
1,-3.57,0.00,-7.41,0,17,34,49,596
1,-4.08,-0.39,-7.02,0,17,34,49,665
1,-4.20,0.43,-7.92,0,17,34,49,734
1,-4.43,0.35,-6.75,0,17,34,49,805
1,-4.12,0.00,-7.37,0,17,34,49,873
1,-4.04,-1.88,-6.86,0,17,34,49,958
1,-3.57,-0.55,-7.14,0,17,34,50,26
1,-4.63,-1.18,-6.86,0,17,34,50,94
1,-4.00,-1.88,-7.22,0,17,34,50,170
1,-3.57,-0.67,-6.55,0,17,34,50,239
1,-2.90,-1.18,-8.20,0,17,34,50,307
1,-3.37,-0.67,-7.45,0,17,34,50,376
1,-4.43,0.04,-6.59,0,17,34,50,446
1,-3.22,-0.20,-6.75,0,17,34,50,515
1,-3.10,-0.47,-6.98,0,17,34,50,594
1,-2.94,-1.10,-6.79,0,17,34,50,663
1,-3.37,-0.78,-7.49,0,17,34,50,732
1,-3.26,-1.65,-7.57,0,17,34,50,801
1,-4.16,-0.94,-7.34,0,17,34,50,869
1,-3.10,-0.78,-7.22,0,17,34,50,938
1,-3.06,-1.45,-7.30,0,17,34,51,7
1,-3.65,-1.61,-7.14,0,17,34,51,80
1,-3.18,-0.86,-7.26,0,17,34,51,151
1,-3.41,-1.80,-7.02,0,17,34,51,222
1,-3.65,-1.61,-7.61,0,17,34,51,291
1,-3.14,-1.65,-7.34,0,17,34,51,363
1,-3.41,-1.26,-7.30,0,17,34,51,452
1,-3.73,-1.33,-6.86,0,17,34,51,521
1,-3.45,-1.41,-6.79,0,17,34,51,590
1,-3.73,-1.10,-6.67,0,17,34,51,659
1,-3.37,-1.45,-6.51,0,17,34,51,728
1,-3.92,-1.45,-6.63,0,17,34,51,795
1,-3.84,-1.96,-6.79,0,17,34,51,864
1,-3.61,-1.18,-6.71,0,17,34,51,933
1,-3.77,-1.53,-6.39,0,17,34,51,0
1,-4.43,-1.92,-6.79,0,17,34,52,68
1,-4.16,-2.51,-7.18,0,17,34,52,137
1,-3.88,-2.08,-6.83,0,17,34,52,205
1,-4.04,-2.04,-6.59,0,17,34,52,274
1,-3.77,-2.59,-6.67,0,17,34,52,343
1,-3.84,-2.79,-6.75,0,17,34,52,411
1,-6.39,-2.71,-3.80,0,17,34,52,489
1,-5.69,-3.30,-4.94,0,17,34,52,559
1,-4.00,-2.63,-6.67,0,17,34,52,633
1,-4.08,-2.24,-6.59,0,17,34,52,702
1,-3.92,-2.20,-6.79,0,17,34,52,770
1,-3.73,-2.08,-6.75,0,17,34,52,839
1,-4.16,-1.53,-6.98,0,17,34,52,908
1,-4.55,-1.22,-6.59,0,17,34,52,977
1,-4.31,-3.65,-6.35,0,17,34,53,45
1,-4.51,-2.55,-6.51,0,17,34,53,113
1,-5.18,-3.57,-6.35,0,17,34,53,183
1,-5.61,-3.14,-6.04,0,17,34,53,251
1,-5.69,-2.71,-6.16,0,17,34,53,319
1,-6.16,-1.84,-5.10,0,17,34,53,389
1,-6.94,-2.47,-3.06,0,17,34,53,482
1,-5.41,-0.31,-4.79,0,17,34,53,550
1,-4.94,-0.27,-4.43,0,17,34,53,619
1,-8.43,-2.71,-4.67,0,17,34,53,687
1,-6.55,-2.75,-6.32,0,17,34,53,755
1,-6.43,-0.08,-6.47,0,17,34,53,825
1,-6.12,-1.69,-6.12,0,17,34,53,894
1,-5.81,-2.55,-6.04,0,17,34,53,967
1,-5.30,-1.10,-6.00,0,17,34,54,35
1,-6.28,-1.29,-6.00,0,17,34,54,105
1,-5.96,-0.94,-5.84,0,17,34,54,188
1,-5.77,-1.26,-5.69,0,17,34,54,259
1,-6.00,-1.57,-5.73,0,17,34,54,327
1,-6.08,-1.26,-5.61,0,17,34,54,396
1,-5.69,-0.39,-7.37,0,17,34,54,465
1,-5.73,-1.29,-6.32,0,17,34,54,540
1,-6.12,-1.06,-5.65,0,17,34,54,608
1,-5.69,-1.53,-5.84,0,17,34,54,677
1,-5.30,-0.82,-6.00,0,17,34,54,746
1,-5.45,-0.63,-5.81,0,17,34,54,815
1,-5.53,-0.90,-5.65,0,17,34,54,883
1,-6.28,-1.49,-5.14,0,17,34,54,953
1,-7.10,-2.00,-5.65,0,17,34,55,21
1,-6.00,-0.98,-5.33,0,17,34,55,90
1,-6.08,-0.12,-5.49,0,17,34,55,160
1,-6.67,-0.27,-5.65,0,17,34,55,228
1,-6.08,0.59,-5.73,0,17,34,55,297
1,-6.59,-1.14,-5.73,0,17,34,55,366
1,-5.30,-1.10,-5.84,0,17,34,55,438
1,-5.81,0.27,-6.59,0,17,34,55,514
1,-6.51,-0.04,-6.04,0,17,34,55,583
1,-5.61,0.16,-5.77,0,17,34,55,651
1,-5.73,0.67,-5.26,0,17,34,55,721
1,-6.16,-1.33,-5.30,0,17,34,55,791
1,-7.41,0.16,-5.61,0,17,34,55,861
1,-7.14,0.24,-6.00,0,17,34,55,930
1,-7.26,0.75,-4.51,0,17,34,56,2
1,-7.30,0.51,-5.02,0,17,34,56,76
1,-6.43,0.98,-4.71,0,17,34,56,145
1,-6.86,2.67,-5.26,0,17,34,56,213
1,-5.33,0.08,-4.47,0,17,34,56,283
1,-7.49,2.71,-5.26,0,17,34,56,352
1,-6.20,1.65,-5.84,0,17,34,56,428
1,-6.67,1.02,-4.47,0,17,34,56,497
1,-7.10,1.41,-6.00,0,17,34,56,566
1,-6.16,-0.08,-5.81,0,17,34,56,635
1,-5.77,1.29,-6.43,0,17,34,56,705
1,-5.49,1.26,-6.47,0,17,34,56,774
1,-5.41,0.20,-5.92,0,17,34,56,842
1,-4.75,0.90,-5.96,0,17,34,56,909
1,-5.81,-0.78,-6.20,0,17,34,56,980
1,-5.14,0.47,-6.00,0,17,34,57,48
1,-4.39,0.27,-6.20,0,17,34,57,117
1,-5.18,1.61,-6.43,0,17,34,57,189
1,-5.45,0.78,-6.43,0,17,34,57,258
1,-5.53,1.33,-6.24,0,17,34,57,327
1,-5.61,1.73,-6.55,0,17,34,57,398
1,-5.49,1.92,-6.86,0,17,34,57,467
1,-5.37,1.14,-6.00,0,17,34,57,535
1,-5.92,1.65,-6.12,0,17,34,57,605
1,-5.92,1.53,-6.16,0,17,34,57,673
1,-6.04,1.18,-7.06,0,17,34,57,755
1,-6.43,1.29,-7.02,0,17,34,57,823
1,-5.37,0.51,-6.51,0,17,34,57,896
1,-4.35,0.90,-6.47,0,17,34,57,966
1,-5.10,0.20,-5.88,0,17,34,58,34
1,-4.98,0.35,-6.71,0,17,34,58,104
1,-5.10,0.27,-6.20,0,17,34,58,174
1,-5.22,0.71,-5.57,0,17,34,58,245
1,-5.49,0.59,-6.00,0,17,34,58,314
1,-5.45,0.55,-5.49,0,17,34,58,391
1,-5.30,0.63,-5.57,0,17,34,58,460
1,-6.75,-0.04,-5.96,0,17,34,58,537
1,-6.67,0.16,-7.02,0,17,34,58,605
1,-6.94,0.67,-7.26,0,17,34,58,673
1,-6.04,1.65,-6.63,0,17,34,58,744
1,-5.37,1.26,-6.35,0,17,34,58,813
1,-6.08,2.08,-6.43,0,17,34,58,881
1,-4.98,1.77,-5.61,0,17,34,58,951
1,-5.18,1.37,-5.96,0,17,34,59,23
1,-5.73,0.82,-5.30,0,17,34,59,92
1,-5.33,0.51,-5.84,0,17,34,59,161
1,-5.96,0.27,-6.12,0,17,34,59,229
1,-7.53,-0.20,-6.12,0,17,34,59,298
1,-5.22,0.47,-7.41,0,17,34,59,367
1,-5.18,-0.20,-7.41,0,17,34,59,437
1,-5.10,-0.43,-7.88,0,17,34,59,508
1,-4.75,0.00,-7.02,0,17,34,59,577
1,-5.53,-0.98,-6.20,0,17,34,59,647
1,-4.90,-0.12,-5.88,0,17,34,59,714
1,-4.94,-0.43,-5.65,0,17,34,59,784
1,-5.84,-0.24,-5.84,0,17,34,59,856
1,-5.22,-1.06,-6.16,0,17,34,59,924
1,-5.41,0.31,-5.49,0,17,34,59,995
1,-6.59,-0.35,-6.04,0,17,35,0,65
1,-7.06,-0.47,-5.88,0,17,35,0,137
1,-7.06,-0.04,-6.12,0,17,35,0,207
1,-6.83,0.39,-6.00,0,17,35,0,276
1,-6.59,-0.20,-6.08,0,17,35,0,345
1,-6.00,1.29,-5.49,0,17,35,0,412
1,-6.08,0.98,-5.77,0,17,35,0,482
1,-6.32,1.14,-5.81,0,17,35,0,551
1,-6.08,1.06,-4.98,0,17,35,0,618
1,-6.47,0.98,-4.94,0,17,35,0,688
1,-7.34,0.39,-4.71,0,17,35,0,756
1,-6.83,1.33,-4.12,0,17,35,0,825
1,-7.49,0.98,-4.90,0,17,35,0,893
1,-8.00,0.71,-5.14,0,17,35,0,963
1,-8.16,0.94,-5.77,0,17,35,1,33
1,-7.10,0.27,-6.04,0,17,35,1,101
1,-6.08,0.43,-4.82,0,17,35,1,172
1,-6.08,0.47,-5.10,0,17,35,1,241
1,-6.47,0.39,-5.26,0,17,35,1,310
1,-6.79,0.20,-5.49,0,17,35,1,378
1,-6.39,0.35,-5.45,0,17,35,1,447
1,-6.28,0.08,-5.57,0,17,35,1,515
1,-6.43,0.04,-5.18,0,17,35,1,596
1,-6.90,0.20,-5.41,0,17,35,1,663
1,-7.37,-0.12,-6.04,0,17,35,1,732
1,-7.14,-0.75,-4.63,0,17,35,1,804
1,-7.18,0.08,-5.33,0,17,35,1,872
1,-6.51,0.63,-6.04,0,17,35,1,941
1,-5.26,0.35,-5.26,0,17,35,2,16
1,-6.12,1.02,-5.30,0,17,35,2,85
1,-6.83,1.33,-5.69,0,17,35,2,153
1,-6.67,1.14,-5.57,0,17,35,2,233
1,-6.43,0.82,-5.22,0,17,35,2,302
1,-6.47,0.63,-5.57,0,17,35,2,370
1,-6.79,0.75,-5.30,0,17,35,2,439
1,-7.61,0.63,-5.06,0,17,35,2,507
1,-6.20,0.78,-5.96,0,17,35,2,576
1,-6.35,0.51,-5.33,0,17,35,2,646
1,-6.59,0.12,-5.26,0,17,35,2,715
1,-6.83,0.39,-5.49,0,17,35,2,784
1,-6.04,0.24,-5.18,0,17,35,2,855
1,-6.67,0.24,-5.88,0,17,35,2,927
1,-6.67,0.31,-5.45,0,17,35,2,996
1,-6.67,0.16,-5.61,0,17,35,3,65
1,-6.79,0.31,-5.57,0,17,35,3,136
1,-6.67,0.51,-5.22,0,17,35,3,222
1,-6.55,0.43,-5.37,0,17,35,3,290
1,-6.55,0.43,-5.30,0,17,35,3,360
1,-6.67,0.39,-5.37,0,17,35,3,432
1,-6.83,0.59,-5.41,0,17,35,3,501
1,-6.86,0.51,-5.22,0,17,35,3,569
1,-6.71,0.39,-5.53,0,17,35,3,636
1,-6.71,0.55,-5.26,0,17,35,3,705
1,-6.75,0.47,-5.37,0,17,35,3,773
1,-6.90,0.51,-5.61,0,17,35,3,841
1,-6.71,0.59,-5.30,0,17,35,3,909
1,-6.71,0.47,-5.22,0,17,35,3,977
1,-6.79,0.67,-5.53,0,17,35,4,45
1,-6.75,0.43,-5.14,0,17,35,4,114
1,-6.79,0.63,-5.53,0,17,35,4,186
1,-6.59,0.47,-5.49,0,17,35,4,256
1,-6.75,1.02,-5.45,0,17,35,4,326
1,-6.67,0.86,-5.41,0,17,35,4,398
1,-6.63,0.86,-5.45,0,17,35,4,467
1,-6.59,0.78,-5.57,0,17,35,4,535
1,-6.79,0.47,-5.96,0,17,35,4,604
1,-6.51,0.27,-5.77,0,17,35,4,672
1,-6.47,0.20,-5.33,0,17,35,4,743
1,-6.43,0.78,-5.26,0,17,35,4,815
1,-6.32,0.67,-5.14,0,17,35,4,888
1,-6.51,0.75,-5.61,0,17,35,4,956
1,-6.47,0.75,-5.61,0,17,35,5,24
1,-6.51,0.82,-5.69,0,17,35,5,93
1,-6.43,0.63,-5.57,0,17,35,5,171
1,-6.51,0.67,-5.49,0,17,35,5,240
1,-6.63,0.82,-5.77,0,17,35,5,308
1,-6.35,0.63,-5.30,0,17,35,5,375
1,-6.47,0.63,-5.57,0,17,35,5,445
1,-6.63,0.78,-5.61,0,17,35,5,513
1,-6.39,0.75,-5.33,0,17,35,5,583
1,-6.39,0.67,-5.57,0,17,35,5,651
1,-6.67,0.82,-5.49,0,17,35,5,723
1,-6.51,0.75,-5.65,0,17,35,5,794
1,-6.43,0.63,-5.69,0,17,35,5,873
1,-6.59,0.59,-5.69,0,17,35,5,943
1,-6.55,0.67,-5.49,0,17,35,6,13
1,-6.43,0.63,-5.53,0,17,35,6,84
1,-6.55,0.78,-5.65,0,17,35,6,154
1,-6.51,0.55,-5.61,0,17,35,6,223
1,-6.67,0.86,-5.84,0,17,35,6,294
1,-6.63,0.63,-5.61,0,17,35,6,361
1,-6.47,0.75,-5.33,0,17,35,6,431
1,-6.51,0.82,-5.53,0,17,35,6,499
1,-6.32,0.63,-5.57,0,17,35,6,567
1,-6.67,0.82,-6.24,0,17,35,6,637
1,-6.75,0.51,-5.69,0,17,35,6,705
1,-6.55,0.63,-5.84,0,17,35,6,774
1,-6.75,0.59,-6.04,0,17,35,6,847
1,-6.51,0.63,-5.53,0,17,35,6,915
1,-6.24,0.47,-5.65,0,17,35,6,983
1,-6.59,0.35,-5.65,0,17,35,7,50
1,-6.51,0.55,-5.45,0,17,35,7,119
1,-6.35,0.59,-5.10,0,17,35,7,188
1,-6.63,0.20,-5.06,0,17,35,7,257
1,-6.63,0.90,-5.73,0,17,35,7,330
1,-6.86,0.63,-5.57,0,17,35,7,399
1,-6.67,0.78,-5.61,0,17,35,7,468
1,-6.55,0.43,-4.94,0,17,35,7,537
1,-6.63,0.63,-5.06,0,17,35,7,615
1,-6.55,0.63,-5.41,0,17,35,7,686
1,-6.86,0.75,-5.53,0,17,35,7,754
1,-6.79,0.59,-5.65,0,17,35,7,824
1,-6.47,0.55,-5.30,0,17,35,7,894
1,-6.94,0.55,-5.37,0,17,35,7,963
1,-6.67,0.78,-5.45,0,17,35,8,35
1,-6.63,0.71,-5.37,0,17,35,8,105
1,-6.59,0.86,-5.41,0,17,35,8,172
1,-6.67,0.75,-5.45,0,17,35,8,241
1,-6.59,0.55,-5.26,0,17,35,8,310
1,-6.59,0.47,-5.53,0,17,35,8,378
1,-6.71,0.55,-5.41,0,17,35,8,447
1,-6.94,0.47,-5.30,0,17,35,8,515
1,-6.90,0.75,-5.53,0,17,35,8,584
1,-6.71,0.90,-5.41,0,17,35,8,674
1,-6.71,0.82,-5.41,0,17,35,8,744
1,-6.75,0.78,-5.41,0,17,35,8,815
1,-6.75,0.67,-5.26,0,17,35,8,880
1,-6.71,0.59,-5.30,0,17,35,8,948
1,-6.86,0.67,-5.41,0,17,35,9,17
1,-6.59,0.63,-5.45,0,17,35,9,86
1,-6.71,0.86,-5.37,0,17,35,9,154
1,-6.75,0.75,-5.37,0,17,35,9,223
1,-6.59,0.78,-5.49,0,17,35,9,291
1,-6.67,0.86,-5.37,0,17,35,9,361
1,-6.90,0.63,-5.37,0,17,35,9,431
1,-6.47,0.75,-5.53,0,17,35,9,499
1,-6.59,0.67,-5.57,0,17,35,9,567
1,-6.71,0.63,-5.53,0,17,35,9,637
1,-6.59,0.94,-5.49,0,17,35,9,705
1,-6.51,0.78,-5.22,0,17,35,9,775
1,-6.71,0.71,-5.10,0,17,35,9,848
1,-6.67,0.67,-5.49,0,17,35,9,917
1,-6.59,0.90,-5.57,0,17,35,9,987
1,-6.79,0.78,-5.45,0,17,35,10,55
1,-6.67,0.86,-5.53,0,17,35,10,124
1,-6.67,0.75,-5.41,0,17,35,10,193
1,-6.67,0.90,-5.02,0,17,35,10,262
1,-6.79,0.63,-5.26,0,17,35,10,330
1,-6.51,0.86,-5.41,0,17,35,10,399
1,-6.51,1.02,-5.49,0,17,35,10,468
1,-6.67,0.71,-5.61,0,17,35,10,540
1,-6.59,0.86,-5.65,0,17,35,10,608
1,-6.43,0.86,-5.73,0,17,35,10,678
1,-6.55,0.78,-5.18,0,17,35,10,748
1,-6.55,0.71,-5.22,0,17,35,10,817
1,-6.39,0.90,-5.49,0,17,35,10,888
1,-6.75,1.02,-6.04,0,17,35,10,957
1,-6.43,0.98,-5.26,0,17,35,11,27
1,-6.67,0.94,-5.45,0,17,35,11,97
1,-6.75,0.82,-5.84,0,17,35,11,180
1,-6.51,0.71,-5.41,0,17,35,11,250
1,-6.59,0.75,-5.53,0,17,35,11,319
1,-6.59,0.59,-5.41,0,17,35,11,421
1,-6.67,0.71,-5.53,0,17,35,11,491
1,-6.67,0.86,-5.41,0,17,35,11,560
1,-6.67,0.55,-5.53,0,17,35,11,631
1,-6.51,0.63,-5.53,0,17,35,11,700
1,-6.59,0.67,-5.45,0,17,35,11,769
1,-6.63,0.75,-5.45,0,17,35,11,838
1,-6.67,0.71,-5.45,0,17,35,11,908
1,-6.83,0.75,-5.49,0,17,35,11,976
1,-6.67,0.67,-5.33,0,17,35,12,45
1,-6.71,0.51,-5.33,0,17,35,12,113
1,-6.59,0.75,-5.37,0,17,35,12,183
1,-6.59,0.51,-5.53,0,17,35,12,250
1,-6.59,0.78,-5.57,0,17,35,12,321
1,-6.71,0.86,-5.33,0,17,35,12,390
1,-6.79,0.63,-5.26,0,17,35,12,462
1,-6.55,0.78,-5.14,0,17,35,12,532
1,-6.47,0.86,-5.92,0,17,35,12,600
1,-6.63,0.94,-5.57,0,17,35,12,671
1,-6.75,0.78,-5.10,0,17,35,12,742
1,-6.67,0.78,-5.37,0,17,35,12,810
1,-6.67,0.75,-5.61,0,17,35,12,880
1,-6.51,0.78,-5.33,0,17,35,12,950
1,-6.67,0.78,-5.26,0,17,35,13,20
1,-6.71,0.71,-5.33,0,17,35,13,89
1,-6.79,0.78,-5.26,0,17,35,13,164
1,-6.75,0.75,-5.61,0,17,35,13,234
1,-6.55,0.59,-5.41,0,17,35,13,302
1,-6.55,0.86,-5.45,0,17,35,13,371
1,-6.59,0.71,-5.49,0,17,35,13,441
1,-6.51,0.75,-5.49,0,17,35,13,510
1,-6.83,0.90,-5.22,0,17,35,13,583
1,-6.67,0.67,-5.61,0,17,35,13,653
1,-6.63,0.71,-5.53,0,17,35,13,725
1,-6.51,0.71,-5.57,0,17,35,13,795
1,-6.71,0.71,-5.18,0,17,35,13,863
1,-6.67,0.67,-5.37,0,17,35,13,932
1,-6.71,0.82,-5.49,0,17,35,14,2
1,-6.55,0.67,-5.53,0,17,35,14,71
1,-6.55,0.78,-5.49,0,17,35,14,143
1,-6.63,0.67,-5.33,0,17,35,14,210
1,-6.55,0.82,-5.45,0,17,35,14,281
1,-6.59,0.78,-5.69,0,17,35,14,348
1,-6.59,0.63,-5.49,0,17,35,14,416
1,-6.55,0.67,-5.33,0,17,35,14,485
1,-6.59,0.82,-5.57,0,17,35,14,555
1,-6.43,0.59,-5.45,0,17,35,14,624
1,-6.59,0.78,-5.30,0,17,35,14,692
1,-6.67,0.82,-5.61,0,17,35,14,765
1,-6.59,0.55,-5.73,0,17,35,14,834
1,-6.63,0.86,-5.41,0,17,35,14,901
1,-6.67,0.71,-5.53,0,17,35,14,971
1,-6.63,0.82,-5.61,0,17,35,15,39
1,-6.59,0.82,-5.57,0,17,35,15,106
1,-6.43,0.75,-5.37,0,17,35,15,174
1,-6.59,0.55,-5.30,0,17,35,15,244
1,-6.39,0.82,-5.61,0,17,35,15,312
1,-6.71,0.75,-5.57,0,17,35,15,380
1,-6.63,0.75,-5.30,0,17,35,15,449
1,-6.55,0.82,-5.81,0,17,35,15,516
1,-6.71,0.63,-5.14,0,17,35,15,585
1,-6.67,0.75,-5.37,0,17,35,15,655
1,-6.47,0.78,-5.61,0,17,35,15,729
1,-6.86,1.02,-5.49,0,17,35,15,797
1,-6.59,0.59,-5.45,0,17,35,15,865
1,-6.43,0.90,-5.81,0,17,35,15,934
1,-6.71,0.67,-5.37,0,17,35,16,3
1,-6.47,0.94,-5.45,0,17,35,16,72
1,-6.63,0.90,-5.61,0,17,35,16,147
1,-6.51,0.67,-5.41,0,17,35,16,216
1,-6.55,0.75,-5.37,0,17,35,16,285
1,-6.63,0.75,-5.37,0,17,35,16,355
1,-6.75,0.86,-5.49,0,17,35,16,424
1,-6.63,0.71,-5.33,0,17,35,16,492
1,-6.67,0.63,-5.26,0,17,35,16,562
1,-6.59,0.71,-5.37,0,17,35,16,631
1,-6.63,0.67,-5.41,0,17,35,16,715
1,-6.86,0.59,-5.30,0,17,35,16,784
1,-6.55,0.71,-5.65,0,17,35,16,855
1,-6.71,0.67,-5.18,0,17,35,16,924
1,-6.63,0.63,-5.41,0,17,35,17,6
1,-6.75,0.75,-5.41,0,17,35,17,75
1,-6.79,0.67,-5.26,0,17,35,17,144
1,-6.83,0.86,-5.41,0,17,35,17,212
1,-6.63,0.71,-5.61,0,17,35,17,281
1,-6.71,0.67,-5.37,0,17,35,17,350
1,-6.67,0.78,-5.26,0,17,35,17,420
1,-6.55,0.78,-5.81,0,17,35,17,489
1,-6.63,0.67,-5.57,0,17,35,17,558
1,-6.59,0.67,-5.26,0,17,35,17,629
1,-6.71,0.82,-5.41,0,17,35,17,702
1,-6.83,0.59,-5.49,0,17,35,17,771
1,-6.75,0.75,-5.53,0,17,35,17,840
1,-6.59,0.55,-5.10,0,17,35,17,909
1,-6.63,0.67,-5.10,0,17,35,17,981
1,-6.75,0.67,-5.49,0,17,35,18,51
1,-6.90,0.82,-5.69,0,17,35,18,120
1,-6.71,0.55,-5.41,0,17,35,18,189
1,-6.51,0.78,-5.22,0,17,35,18,266
1,-6.59,0.78,-5.49,0,17,35,18,335
1,-6.71,0.63,-5.33,0,17,35,18,404
1,-6.79,0.71,-5.41,0,17,35,18,472
1,-6.63,0.67,-5.49,0,17,35,18,539
1,-6.67,0.67,-5.33,0,17,35,18,609
1,-6.83,0.63,-5.26,0,17,35,18,678
1,-6.63,0.78,-5.45,0,17,35,18,747
1,-6.94,0.63,-5.37,0,17,35,18,826
1,-6.55,0.67,-5.26,0,17,35,18,897
1,-6.75,0.71,-5.30,0,17,35,18,965
1,-6.59,0.63,-5.61,0,17,35,19,34
1,-6.79,0.67,-5.26,0,17,35,19,107
1,-6.75,0.63,-5.41,0,17,35,19,178
1,-6.59,0.71,-5.77,0,17,35,19,247
1,-6.79,0.63,-5.30,0,17,35,19,317
1,-6.63,0.75,-5.30,0,17,35,19,388
1,-6.63,0.71,-5.77,0,17,35,19,457
1,-6.59,0.82,-5.37,0,17,35,19,525
1,-6.63,0.71,-5.37,0,17,35,19,595
1,-6.71,0.63,-5.18,0,17,35,19,663
1,-6.55,0.67,-5.61,0,17,35,19,731
1,-6.86,0.78,-5.53,0,17,35,19,800
1,-6.59,0.59,-5.30,0,17,35,19,873
1,-6.71,0.78,-5.22,0,17,35,19,942
1,-6.86,0.75,-5.88,0,17,35,20,11
1,-6.83,0.75,-5.61,0,17,35,20,80
1,-6.83,0.82,-5.49,0,17,35,20,149
1,-6.51,0.63,-5.49,0,17,35,20,217
1,-6.75,0.75,-5.14,0,17,35,20,284
1,-6.86,0.63,-5.49,0,17,35,20,352
1,-6.71,0.59,-5.61,0,17,35,20,422
1,-6.71,0.51,-5.37,0,17,35,20,490
1,-6.71,0.75,-5.18,0,17,35,20,560
1,-6.75,0.67,-5.41,0,17,35,20,630
1,-6.71,0.71,-5.41,0,17,35,20,700
1,-6.67,0.71,-5.41,0,17,35,20,773
1,-6.83,0.67,-5.22,0,17,35,20,845
1,-6.63,0.75,-5.45,0,17,35,20,913
1,-6.83,0.63,-5.14,0,17,35,20,982
1,-6.55,0.67,-5.37,0,17,35,21,53
1,-6.79,0.63,-5.33,0,17,35,21,123
1,-6.59,0.55,-5.65,0,17,35,21,190
1,-6.90,0.67,-5.22,0,17,35,21,260
1,-6.67,0.55,-5.30,0,17,35,21,329
1,-6.83,0.67,-5.26,0,17,35,21,399
1,-6.71,0.59,-5.45,0,17,35,21,469
1,-6.67,0.47,-5.49,0,17,35,21,538
1,-6.86,0.55,-4.94,0,17,35,21,606
1,-6.71,0.71,-5.33,0,17,35,21,675
1,-6.67,0.55,-5.45,0,17,35,21,744
1,-6.63,0.59,-5.61,0,17,35,21,813
1,-6.86,0.63,-5.37,0,17,35,21,881
1,-6.63,0.82,-5.37,0,17,35,21,949
1,-6.75,0.63,-5.41,0,17,35,22,17
1,-6.79,0.67,-5.30,0,17,35,22,86
1,-6.79,0.63,-5.49,0,17,35,22,156
1,-6.79,0.55,-5.37,0,17,35,22,224
1,-6.63,0.67,-5.37,0,17,35,22,294
1,-6.94,0.59,-5.30,0,17,35,22,365
1,-6.67,0.67,-5.65,0,17,35,22,434
1,-6.55,0.51,-5.57,0,17,35,22,521
1,-6.67,0.67,-5.14,0,17,35,22,591
1,-6.83,0.63,-5.41,0,17,35,22,661
1,-6.71,0.71,-5.65,0,17,35,22,730
1,-6.71,0.59,-5.02,0,17,35,22,798
1,-6.71,0.78,-5.10,0,17,35,22,868
1,-6.59,0.59,-5.37,0,17,35,22,938
1,-6.83,0.82,-5.22,0,17,35,23,11
1,-6.67,0.59,-5.22,0,17,35,23,79
1,-6.83,0.47,-5.30,0,17,35,23,148
1,-6.90,0.78,-5.41,0,17,35,23,215
1,-6.71,0.47,-5.26,0,17,35,23,284
1,-6.71,0.67,-5.26,0,17,35,23,352
1,-6.71,0.63,-5.26,0,17,35,23,420
1,-6.71,0.63,-5.26,0,17,35,23,491
1,-6.83,0.78,-5.18,0,17,35,23,561
1,-6.90,0.86,-5.41,0,17,35,23,629
1,-6.63,0.67,-5.53,0,17,35,23,696
1,-6.79,0.78,-5.45,0,17,35,23,765
1,-6.75,0.67,-5.49,0,17,35,23,835
1,-6.79,0.86,-5.41,0,17,35,23,903
1,-6.63,0.55,-5.41,0,17,35,23,972
1,-6.67,0.63,-5.33,0,17,35,24,40
1,-6.79,0.71,-5.37,0,17,35,24,113
1,-6.63,0.55,-5.53,0,17,35,24,182
1,-6.67,0.71,-5.37,0,17,35,24,250
1,-6.75,0.63,-5.18,0,17,35,24,323
1,-6.71,0.71,-5.26,0,17,35,24,391
1,-6.90,0.63,-5.49,0,17,35,24,462
1,-6.83,0.71,-5.41,0,17,35,24,534
1,-6.71,0.67,-5.26,0,17,35,24,612
1,-6.67,0.63,-5.33,0,17,35,24,680
1,-6.75,0.39,-5.18,0,17,35,24,762
1,-6.75,0.63,-5.33,0,17,35,24,831
1,-6.71,0.55,-5.33,0,17,35,24,900
1,-6.75,0.55,-5.14,0,17,35,24,969
1,-6.83,0.67,-5.02,0,17,35,25,38
1,-6.90,0.75,-5.49,0,17,35,25,109
1,-6.90,0.75,-5.65,0,17,35,25,177
1,-6.75,0.67,-5.45,0,17,35,25,250
1,-6.71,0.78,-5.33,0,17,35,25,318
1,-6.75,0.67,-5.22,0,17,35,25,387
1,-6.67,0.63,-5.41,0,17,35,25,457
1,-6.47,0.78,-5.45,0,17,35,25,527
1,-6.75,0.78,-5.26,0,17,35,25,595
1,-6.83,0.78,-5.30,0,17,35,25,672
1,-6.67,0.63,-5.53,0,17,35,25,741
1,-6.71,0.71,-5.33,0,17,35,25,811
1,-6.71,0.75,-5.53,0,17,35,25,913
1,-6.75,0.67,-5.45,0,17,35,25,982
1,-6.71,0.75,-5.30,0,17,35,26,52
1,-6.71,0.82,-5.53,0,17,35,26,124
1,-6.71,0.63,-5.33,0,17,35,26,195
1,-6.63,0.82,-5.41,0,17,35,26,264
1,-6.75,0.71,-5.30,0,17,35,26,332
1,-6.55,0.67,-5.49,0,17,35,26,401
1,-6.86,0.98,-5.22,0,17,35,26,470
1,-6.90,0.78,-5.37,0,17,35,26,541
1,-6.83,0.90,-5.61,0,17,35,26,620
1,-6.75,0.47,-5.26,0,17,35,26,690
1,-6.59,0.59,-5.37,0,17,35,26,761
1,-6.71,0.67,-5.26,0,17,35,26,829
1,-6.67,0.63,-5.45,0,17,35,26,896
1,-6.71,0.86,-5.33,0,17,35,26,966
1,-6.79,0.67,-5.53,0,17,35,27,35
1,-6.59,0.71,-5.33,0,17,35,27,104
1,-6.59,0.78,-5.18,0,17,35,27,173
1,-6.71,0.67,-5.53,0,17,35,27,242
1,-6.75,0.59,-5.41,0,17,35,27,311
1,-6.71,0.86,-5.49,0,17,35,27,380
1,-6.83,0.75,-5.49,0,17,35,27,447
1,-6.67,0.75,-5.26,0,17,35,27,515
1,-6.63,0.63,-5.33,0,17,35,27,586
1,-6.75,0.67,-5.33,0,17,35,27,655
1,-6.55,0.78,-5.33,0,17,35,27,725
1,-6.63,0.71,-5.57,0,17,35,27,794
1,-6.67,0.63,-5.41,0,17,35,27,864
1,-6.67,0.78,-5.41,0,17,35,27,932
1,-6.63,0.78,-5.41,0,17,35,28,2
1,-6.59,0.78,-5.45,0,17,35,28,72
1,-6.63,0.63,-5.41,0,17,35,28,141
1,-6.67,0.78,-5.41,0,17,35,28,210
1,-6.63,0.71,-5.33,0,17,35,28,279
1,-6.75,0.71,-5.37,0,17,35,28,348
1,-6.59,0.78,-5.61,0,17,35,28,422
1,-6.83,0.71,-5.53,0,17,35,28,491
1,-6.63,0.63,-5.53,0,17,35,28,561
1,-6.67,0.67,-5.41,0,17,35,28,630
1,-6.63,0.55,-5.49,0,17,35,28,698
1,-6.63,0.71,-5.45,0,17,35,28,769
1,-6.59,0.71,-5.37,0,17,35,28,837
1,-6.67,0.67,-5.37,0,17,35,28,912
1,-6.55,0.63,-5.57,0,17,35,28,983
1,-6.63,0.71,-5.37,0,17,35,29,53
1,-6.55,0.63,-5.41,0,17,35,29,125
1,-6.47,0.67,-5.65,0,17,35,29,193
1,-6.71,0.71,-5.37,0,17,35,29,261
1,-6.63,0.63,-5.37,0,17,35,29,329
1,-6.67,0.59,-5.53,0,17,35,29,402
1,-6.55,0.59,-5.45,0,17,35,29,473
1,-6.67,0.71,-5.49,0,17,35,29,545
1,-6.59,0.71,-5.57,0,17,35,29,614
1,-6.51,0.67,-5.49,0,17,35,29,687
1,-6.63,0.86,-5.45,0,17,35,29,757
1,-6.59,0.59,-5.61,0,17,35,29,829
1,-6.67,0.67,-5.61,0,17,35,29,898
1,-6.75,0.71,-5.45,0,17,35,29,966
1,-6.55,0.86,-5.49,0,17,35,30,33
1,-6.63,0.71,-5.45,0,17,35,30,107
1,-6.59,0.67,-5.53,0,17,35,30,175
1,-6.71,0.75,-5.37,0,17,35,30,244
1,-6.67,0.75,-5.30,0,17,35,30,313
1,-6.75,0.71,-5.26,0,17,35,30,401
1,-6.67,0.71,-5.41,0,17,35,30,469
1,-6.67,0.59,-5.45,0,17,35,30,542
1,-6.59,0.63,-5.41,0,17,35,30,609
1,-6.71,0.75,-5.41,0,17,35,30,678
1,-6.71,0.63,-5.33,0,17,35,30,746
1,-6.59,0.75,-5.30,0,17,35,30,814
1,-6.71,0.75,-5.53,0,17,35,30,883
1,-6.63,0.67,-5.45,0,17,35,30,951
1,-6.67,0.63,-5.37,0,17,35,31,21
1,-6.79,0.67,-5.30,0,17,35,31,88
1,-6.63,0.71,-5.41,0,17,35,31,158
1,-6.67,0.63,-5.69,0,17,35,31,228
1,-6.67,0.67,-5.53,0,17,35,31,296
1,-6.63,0.75,-5.18,0,17,35,31,368
1,-6.51,0.63,-5.49,0,17,35,31,443
1,-6.59,0.67,-5.37,0,17,35,31,514
1,-6.63,0.67,-5.53,0,17,35,31,583
1,-6.67,0.63,-5.45,0,17,35,31,663
1,-6.75,0.67,-5.33,0,17,35,31,729
1,-6.59,0.59,-5.41,0,17,35,31,800
1,-6.51,0.71,-5.65,0,17,35,31,867
1,-6.63,0.59,-5.65,0,17,35,31,936
1,-6.63,0.67,-5.41,0,17,35,32,5
1,-6.63,0.75,-5.45,0,17,35,32,74
1,-6.55,0.63,-5.49,0,17,35,32,144
1,-6.75,0.71,-5.61,0,17,35,32,213
1,-6.67,0.63,-5.45,0,17,35,32,281
1,-6.63,0.67,-5.37,0,17,35,32,350
1,-6.55,0.71,-5.57,0,17,35,32,420
1,-6.67,0.75,-5.37,0,17,35,32,490
1,-6.75,0.71,-5.33,0,17,35,32,562
1,-6.59,0.71,-5.49,0,17,35,32,636
1,-6.67,0.63,-5.45,0,17,35,32,705
1,-6.63,0.75,-5.33,0,17,35,32,778
1,-6.71,0.82,-5.41,0,17,35,32,848
1,-6.71,0.78,-5.37,0,17,35,32,922
1,-6.67,0.78,-5.45,0,17,35,32,992
1,-6.59,0.71,-5.33,0,17,35,33,63
1,-6.59,0.78,-5.45,0,17,35,33,131
1,-6.71,0.71,-5.30,0,17,35,33,200
1,-6.67,0.67,-5.30,0,17,35,33,268
1,-6.63,0.82,-5.37,0,17,35,33,336
1,-6.75,0.75,-5.57,0,17,35,33,406
1,-6.59,0.75,-5.53,0,17,35,33,478
1,-6.63,0.94,-5.41,0,17,35,33,550
1,-6.59,0.71,-5.37,0,17,35,33,618
1,-6.63,0.78,-5.53,0,17,35,33,687
1,-6.59,0.75,-5.53,0,17,35,33,756
1,-6.67,0.75,-5.30,0,17,35,33,827
1,-6.55,0.82,-5.37,0,17,35,33,896
1,-6.55,0.82,-5.49,0,17,35,33,965
1,-6.63,0.75,-5.26,0,17,35,34,41
1,-6.71,0.75,-5.53,0,17,35,34,109
1,-6.63,0.75,-5.49,0,17,35,34,178
1,-6.71,0.82,-5.30,0,17,35,34,249
1,-6.59,0.82,-5.41,0,17,35,34,321
1,-6.63,0.86,-5.53,0,17,35,34,389
1,-6.79,0.86,-5.49,0,17,35,34,456
1,-6.90,0.63,-5.41,0,17,35,34,528
1,-6.16,0.82,-5.14,0,17,35,34,595
1,-6.32,0.59,-5.41,0,17,35,34,665
1,-6.55,1.10,-6.08,0,17,35,34,733
1,-6.43,0.82,-5.53,0,17,35,34,802
1,-6.63,0.78,-5.18,0,17,35,34,885
1,-6.59,0.90,-5.92,0,17,35,34,954
1,-6.47,0.90,-6.24,0,17,35,35,22
1,-6.47,0.82,-5.41,0,17,35,35,91
1,-6.71,0.82,-5.06,0,17,35,35,161
1,-6.67,0.78,-5.37,0,17,35,35,230
1,-6.39,0.67,-5.61,0,17,35,35,301
1,-6.51,0.78,-5.30,0,17,35,35,369
1,-6.67,0.82,-5.37,0,17,35,35,436
1,-6.63,0.67,-5.41,0,17,35,35,506
1,-6.63,0.75,-5.45,0,17,35,35,573
1,-6.43,0.82,-5.65,0,17,35,35,643
1,-6.47,0.71,-5.49,0,17,35,35,710
1,-6.47,0.71,-5.57,0,17,35,35,780
1,-6.35,0.78,-5.53,0,17,35,35,848
1,-6.39,0.63,-5.41,0,17,35,35,918
1,-6.24,0.55,-5.81,0,17,35,35,988
1,-6.28,0.43,-6.16,0,17,35,36,57
1,-5.73,0.75,-6.35,0,17,35,36,126
1,-5.45,0.20,-5.61,0,17,35,36,199
1,-5.49,0.31,-5.45,0,17,35,36,267
1,-5.77,0.43,-5.14,0,17,35,36,338
1,-6.55,0.47,-6.51,0,17,35,36,407
1,-5.41,0.59,-5.96,0,17,35,36,476
1,-4.94,1.88,-7.06,0,17,35,36,544
1,-4.67,2.86,-7.45,0,17,35,36,613
1,-4.28,2.86,-7.96,0,17,35,36,681
1,-4.94,2.55,-7.41,0,17,35,36,751
1,-4.55,2.20,-7.14,0,17,35,36,822
1,-4.90,1.69,-6.43,0,17,35,36,893
1,-5.02,2.04,-6.12,0,17,35,36,962
1,-4.63,2.39,-5.88,0,17,35,37,30
1,-4.55,3.02,-5.65,0,17,35,37,102
1,-4.31,3.18,-6.35,0,17,35,37,174
1,-4.39,2.51,-6.98,0,17,35,37,244
1,-3.88,1.69,-8.24,0,17,35,37,313
1,-3.49,1.06,-7.73,0,17,35,37,386
1,-3.41,0.35,-7.53,0,17,35,37,455
1,-3.41,0.12,-7.41,0,17,35,37,524
1,-4.04,-0.27,-6.79,0,17,35,37,593
1,-4.63,0.08,-6.43,0,17,35,37,663
1,-4.67,0.27,-6.63,0,17,35,37,733
1,-4.94,0.63,-6.39,0,17,35,37,803
1,-5.53,0.55,-7.02,0,17,35,37,874
1,-5.61,0.90,-7.22,0,17,35,37,943
1,-6.47,0.94,-6.86,0,17,35,38,12
1,-5.06,1.06,-7.06,0,17,35,38,82
1,-5.45,1.26,-6.00,0,17,35,38,150
1,-5.69,1.53,-6.16,0,17,35,38,218
1,-6.04,1.22,-5.53,0,17,35,38,288
1,-5.96,1.57,-4.51,0,17,35,38,358
1,-6.16,1.02,-4.55,0,17,35,38,426
1,-6.24,0.35,-4.55,0,17,35,38,495
1,-7.37,0.86,-4.71,0,17,35,38,563
1,-8.12,1.37,-4.82,0,17,35,38,633
1,-8.04,0.59,-7.18,0,17,35,38,702
1,-6.79,-1.80,-7.65,0,17,35,38,771
1,-4.63,-0.98,-6.83,0,17,35,38,839
1,-5.14,-1.41,-5.61,0,17,35,38,910
1,-5.45,-0.63,-5.49,0,17,35,38,977
1,-5.81,-1.02,-5.02,0,17,35,39,49
1,-6.00,-1.22,-4.35,0,17,35,39,119
1,-5.81,-0.20,-6.20,0,17,35,39,192
1,-7.34,-0.20,-5.49,0,17,35,39,260
1,-6.12,-0.59,-7.34,0,17,35,39,329
1,-6.32,-0.31,-6.63,0,17,35,39,446
1,-5.37,0.71,-5.10,0,17,35,39,515
1,-4.94,0.00,-7.18,0,17,35,39,595
1,-5.10,-0.35,-6.39,0,17,35,39,706
1,-5.41,-0.08,-5.77,0,17,35,39,776
1,-5.96,0.27,-7.06,0,17,35,39,845
1,-6.32,-0.86,-7.53,0,17,35,39,918
1,-5.37,-0.20,-7.22,0,17,35,39,987
1,-4.63,-0.20,-7.22,0,17,35,40,55
1,-3.69,-0.39,-6.47,0,17,35,40,124
1,-4.00,0.82,-6.39,0,17,35,40,192
1,-4.90,-0.39,-6.08,0,17,35,40,260
1,-4.86,0.78,-5.92,0,17,35,40,329
1,-4.90,0.75,-6.16,0,17,35,40,398
1,-4.94,1.49,-6.75,0,17,35,40,469
1,-4.94,1.14,-6.98,0,17,35,40,536
1,-4.04,2.35,-7.10,0,17,35,40,604
1,-4.59,1.92,-7.37,0,17,35,40,675
1,-4.51,2.63,-6.04,0,17,35,40,744
1,-3.49,3.22,-6.98,0,17,35,40,816
1,-2.90,3.80,-7.73,0,17,35,40,886
1,-5.45,4.86,-8.87,0,17,35,40,955
1,-4.31,0.82,-5.10,0,17,35,41,23

