1,-3.26,-0.59,-7.30,0,17,23,33,323
1,-4.71,0.04,-6.71,0,17,23,34,391
1,-4.31,0.67,-7.41,0,17,23,35,459
1,-3.26,0.78,-6.90,0,17,23,36,527
1,-4.59,1.49,-6.98,0,17,23,37,599
1,-3.80,1.37,-6.71,0,17,23,38,669
1,-4.24,2.12,-6.59,0,17,23,39,736
1,-4.08,1.84,-6.90,0,17,23,40,807
1,-4.24,1.45,-6.83,0,17,23,41,875
1,-4.59,1.41,-6.71,0,17,23,42,945
1,-4.82,1.29,-7.06,0,17,23,43,14
1,-5.10,1.33,-7.41,0,17,23,44,89
1,-5.41,0.71,-7.57,0,17,23,45,157
1,-5.18,0.31,-7.81,0,17,23,46,243
1,-3.10,0.00,-7.30,0,17,23,47,315
1,-2.86,-0.63,-6.39,0,17,23,48,384
1,-2.86,-0.47,-6.47,0,17,23,49,453
1,-4.16,0.39,-6.35,0,17,23,50,522
1,-3.61,0.67,-6.16,0,17,23,51,594
1,-4.16,0.86,-6.12,0,17,23,52,662
1,-4.98,0.98,-6.67,0,17,23,53,748
1,-4.39,1.37,-7.18,0,17,23,54,836
1,-5.06,2.12,-7.14,0,17,23,55,909
1,-5.02,1.29,-7.73,0,17,23,56,981
1,-4.71,-0.75,-7.69,0,17,23,57,52
1,-4.79,0.00,-6.32,0,17,23,58,125
1,-3.92,0.43,-5.81,0,17,23,59,195
1,-3.53,0.98,-6.59,0,17,24,0,267
1,-4.24,0.78,-5.88,0,17,24,1,336
1,-4.51,1.77,-6.24,0,17,24,2,406
1,-5.02,1.61,-7.14,0,17,24,3,473
1,-5.45,2.16,-7.41,0,17,24,4,541
1,-5.96,1.14,-8.67,0,17,24,5,611
1,-4.04,1.06,-7.85,0,17,24,6,682
1,-3.69,0.20,-7.34,0,17,24,7,752
1,-3.73,-0.04,-6.35,0,17,24,8,820
1,-3.37,0.12,-7.30,0,17,24,9,889
1,-3.88,-0.12,-6.51,0,17,24,10,962
1,-4.20,0.47,-6.12,0,17,24,11,38
1,-4.39,0.63,-6.90,0,17,24,12,106
1,-5.10,0.35,-6.55,0,17,24,13,178
1,-5.22,0.43,-7.30,0,17,24,14,246
1,-6.04,0.43,-7.49,0,17,24,15,315
1,-5.18,0.90,-7.14,0,17,24,16,384
1,-4.24,1.57,-6.79,0,17,24,17,453
1,-5.18,1.14,-6.28,0,17,24,18,521
1,-4.59,1.02,-5.81,0,17,24,19,590
1,-5.06,0.78,-6.04,0,17,24,20,660
1,-5.53,0.94,-5.77,0,17,24,21,729
1,-5.61,1.77,-6.04,0,17,24,22,801
1,-6.00,1.57,-6.79,0,17,24,23,869
1,-6.43,0.98,-6.08,0,17,24,24,939
1,-6.32,1.10,-6.43,0,17,24,25,7
1,-6.59,1.06,-6.28,0,17,24,26,78
1,-5.49,0.82,-5.81,0,17,24,27,147
1,-5.65,1.80,-5.33,0,17,24,28,217
1,-5.84,0.67,-5.41,0,17,24,29,285
1,-5.77,0.24,-5.92,0,17,24,30,355
1,-5.41,0.24,-5.96,0,17,24,31,425
1,-5.69,0.43,-5.84,0,17,24,32,494
1,-5.92,0.59,-6.04,0,17,24,33,563
1,-6.00,0.16,-5.96,0,17,24,34,631
1,-6.12,0.04,-6.08,0,17,24,35,699
1,-6.24,0.12,-6.16,0,17,24,36,770
1,-5.37,0.98,-5.69,0,17,24,37,837
1,-5.69,0.94,-5.30,0,17,24,38,905
1,-5.57,1.33,-6.20,0,17,24,39,973
1,-5.22,1.29,-6.51,0,17,24,40,41
1,-5.84,1.33,-6.00,0,17,24,41,109
1,-6.16,1.02,-6.04,0,17,24,42,178
1,-5.77,1.33,-6.39,0,17,24,43,255
1,-5.81,0.94,-6.08,0,17,24,44,323
1,-5.61,1.26,-6.67,0,17,24,45,392
1,-5.65,1.45,-6.55,0,17,24,46,461
1,-5.33,0.90,-6.04,0,17,24,47,530
1,-5.30,0.78,-6.39,0,17,24,48,600
1,-5.06,0.59,-6.12,0,17,24,49,672
1,-4.67,0.55,-6.55,0,17,24,50,740
1,-4.90,0.67,-6.90,0,17,24,51,808
1,-5.02,0.08,-6.59,0,17,24,52,876
1,-4.55,0.39,-6.51,0,17,24,53,953
1,-5.33,0.04,-6.67,0,17,24,54,22
1,-5.06,-0.04,-6.90,0,17,24,55,90
1,-4.82,0.20,-6.67,0,17,24,56,162
1,-5.92,0.16,-6.83,0,17,24,57,232
1,-5.06,0.00,-6.32,0,17,24,58,301
1,-5.22,0.71,-5.84,0,17,24,59,370
1,-5.49,0.71,-5.92,0,17,25,0,439
1,-5.53,0.59,-5.81,0,17,25,1,507
1,-4.63,0.90,-6.32,0,17,25,2,578
1,-6.04,-0.08,-7.26,0,17,25,3,647
1,-5.77,0.16,-6.51,0,17,25,4,716
1,-5.61,0.86,-6.63,0,17,25,5,785
1,-5.26,0.71,-6.32,0,17,25,6,855
1,-5.65,1.02,-7.02,0,17,25,7,924
1,-5.14,0.59,-6.35,0,17,25,8,993
1,-5.84,0.59,-6.51,0,17,25,9,63
1,-5.22,0.78,-6.43,0,17,25,10,138
1,-4.94,0.82,-6.51,0,17,25,11,207
1,-5.30,-0.31,-6.08,0,17,25,12,275
1,-5.10,0.78,-6.98,0,17,25,13,347
1,-5.18,0.16,-6.71,0,17,25,14,423
1,-5.26,0.31,-6.94,0,17,25,15,492
1,-4.63,0.59,-6.71,0,17,25,16,562
1,-4.79,0.63,-6.79,0,17,25,17,632
1,-5.10,1.06,-6.71,0,17,25,18,701
1,-4.82,0.94,-6.75,0,17,25,19,771
1,-5.14,0.90,-7.22,0,17,25,20,842
1,-5.33,0.20,-7.02,0,17,25,21,910
1,-4.94,0.59,-6.32,0,17,25,22,986
1,-4.98,0.94,-6.39,0,17,25,23,56
1,-5.10,0.67,-6.67,0,17,25,24,124
1,-4.90,0.63,-6.55,0,17,25,25,205
1,-5.53,0.35,-6.63,0,17,25,26,274
1,-4.90,1.02,-6.94,0,17,25,27,343
1,-5.06,0.75,-6.59,0,17,25,28,412
1,-5.06,0.67,-6.63,0,17,25,29,479
1,-5.06,0.86,-6.67,0,17,25,29,547
1,-5.22,0.78,-6.55,0,17,25,29,622
1,-5.18,0.59,-6.67,0,17,25,29,690
1,-5.41,0.16,-6.71,0,17,25,29,758
1,-5.61,0.00,-5.77,0,17,25,29,829
1,-5.41,1.14,-6.39,0,17,25,29,897
1,-5.02,1.06,-6.59,0,17,25,29,965
1,-5.65,0.71,-6.43,0,17,25,30,34
1,-5.33,1.02,-6.24,0,17,25,30,102
1,-5.49,0.55,-6.43,0,17,25,30,174
1,-5.77,0.35,-6.32,0,17,25,30,243
1,-5.10,0.82,-6.24,0,17,25,30,317
1,-5.37,0.59,-6.67,0,17,25,30,385
1,-5.22,0.59,-6.16,0,17,25,30,455
1,-5.14,0.78,-6.63,0,17,25,30,522
1,-5.30,0.63,-6.59,0,17,25,30,591
1,-5.30,0.55,-6.08,0,17,25,30,662
1,-5.22,0.75,-6.51,0,17,25,30,730
1,-5.26,0.63,-6.35,0,17,25,30,800
1,-5.26,0.63,-6.35,0,17,25,30,869
1,-5.26,0.75,-6.35,0,17,25,30,938
1,-5.30,0.75,-6.51,0,17,25,31,48
1,-5.14,0.90,-6.51,0,17,25,31,116
1,-5.14,0.47,-6.35,0,17,25,31,183
1,-5.06,1.02,-6.47,0,17,25,31,252
1,-5.37,0.35,-6.39,0,17,25,31,321
1,-5.06,0.86,-6.47,0,17,25,31,389
1,-5.14,0.75,-6.67,0,17,25,31,458
1,-5.02,0.71,-6.43,0,17,25,31,529
1,-5.02,0.75,-6.51,0,17,25,31,596
1,-5.22,0.75,-6.67,0,17,25,31,666
1,-4.98,0.94,-6.75,0,17,25,31,735
1,-5.10,0.82,-6.39,0,17,25,31,805
1,-5.10,0.67,-6.35,0,17,25,31,875
1,-5.10,0.82,-6.71,0,17,25,31,945
1,-5.06,0.71,-6.51,0,17,25,32,13
1,-4.90,0.98,-6.55,0,17,25,32,83
1,-5.02,0.78,-6.43,0,17,25,32,153
1,-4.90,0.78,-6.83,0,17,25,32,222
1,-4.82,0.94,-6.55,0,17,25,32,291
1,-4.90,0.78,-6.55,0,17,25,32,360
1,-5.06,1.10,-6.83,0,17,25,32,429
1,-5.14,1.22,-6.71,0,17,25,32,497
1,-5.14,1.10,-6.55,0,17,25,32,566
1,-5.37,1.29,-6.51,0,17,25,32,636
1,-5.10,2.00,-6.51,0,17,25,32,713
1,-5.02,1.10,-6.43,0,17,25,32,783
1,-5.14,0.78,-6.51,0,17,25,32,862
1,-5.45,1.33,-7.26,0,17,25,32,931
1,-4.55,1.02,-7.22,0,17,25,32,999
1,-4.59,0.24,-6.51,0,17,25,33,78
1,-4.16,0.82,-6.83,0,17,25,33,150
1,-3.92,0.78,-6.98,0,17,25,33,219
1,-4.24,0.63,-6.35,0,17,25,33,290
1,-4.31,0.31,-6.90,0,17,25,33,363
1,-4.59,-0.04,-6.63,0,17,25,33,432
1,-4.55,0.35,-7.41,0,17,25,33,501
1,-5.22,1.84,-6.75,0,17,25,33,572
1,-4.39,0.20,-6.90,0,17,25,33,675
1,-3.41,0.20,-6.63,0,17,25,33,750
1,-5.06,-0.04,-6.75,0,17,25,33,825
1,-4.47,0.67,-6.83,0,17,25,33,923
1,-4.79,0.90,-6.98,0,17,25,34,10
1,-4.20,1.02,-7.10,0,17,25,34,98
1,-4.31,1.14,-7.14,0,17,25,34,197
1,-4.35,2.39,-6.63,0,17,25,34,266
1,-4.94,1.49,-6.86,0,17,25,34,338
1,-4.82,1.61,-7.10,0,17,25,34,407
1,-4.08,1.02,-6.59,0,17,25,34,475
1,-4.08,0.94,-7.10,0,17,25,34,570
1,-5.22,0.82,-6.16,0,17,25,34,638
1,-5.14,0.08,-6.90,0,17,25,34,707
1,-4.86,0.12,-5.96,0,17,25,34,776
1,-5.26,0.71,-6.63,0,17,25,34,845
1,-5.45,0.27,-5.96,0,17,25,34,913
1,-4.98,1.02,-6.75,0,17,25,34,982
1,-4.75,1.06,-6.75,0,17,25,35,61
1,-4.86,0.90,-6.47,0,17,25,35,129
1,-4.59,0.39,-6.71,0,17,25,35,223
1,-4.82,0.98,-6.63,0,17,25,35,291
1,-4.86,1.14,-6.83,0,17,25,35,390
1,-4.90,1.02,-6.83,0,17,25,35,463
1,-4.82,0.98,-6.67,0,17,25,35,556
1,-4.82,1.02,-6.63,0,17,25,35,625
1,-4.82,0.94,-6.59,0,17,25,35,724
1,-4.82,0.90,-6.67,0,17,25,35,793
1,-4.67,1.10,-6.75,0,17,25,35,883
1,-4.86,0.98,-6.67,0,17,25,35,955
1,-4.94,0.75,-6.86,0,17,25,36,49
1,-4.75,0.71,-6.71,0,17,25,36,123
1,-4.94,1.18,-6.47,0,17,25,36,211
1,-4.82,0.90,-6.63,0,17,25,36,291
1,-4.94,0.67,-6.75,0,17,25,36,371
1,-4.90,0.67,-6.59,0,17,25,36,441
1,-5.06,0.78,-6.67,0,17,25,36,512
1,-4.86,0.94,-7.06,0,17,25,36,582
1,-5.10,0.71,-6.20,0,17,25,36,651
1,-5.10,0.94,-6.55,0,17,25,36,740
1,-5.18,0.86,-6.39,0,17,25,36,809
1,-5.10,0.94,-6.55,0,17,25,36,877
1,-5.02,0.82,-6.67,0,17,25,36,950
1,-4.67,0.90,-6.67,0,17,25,37,19
1,-4.98,0.78,-6.83,0,17,25,37,89
1,-5.02,0.59,-6.47,0,17,25,37,172
1,-5.10,0.82,-6.67,0,17,25,37,245
1,-4.79,0.82,-6.71,0,17,25,37,314
1,-4.94,0.78,-6.47,0,17,25,37,382
1,-5.02,0.51,-6.51,0,17,25,37,454
1,-5.02,0.78,-6.63,0,17,25,37,525
1,-4.90,0.82,-6.55,0,17,25,37,594
1,-4.98,0.82,-6.71,0,17,25,37,663
1,-4.98,0.63,-6.47,0,17,25,37,733
1,-5.18,0.39,-6.47,0,17,25,37,800
1,-5.10,0.63,-6.63,0,17,25,37,876
1,-5.06,0.67,-6.55,0,17,25,37,943
1,-5.06,0.75,-6.94,0,17,25,38,11
1,-5.14,0.67,-6.79,0,17,25,38,82
1,-5.14,0.67,-6.83,0,17,25,38,151
1,-5.22,0.78,-6.67,0,17,25,38,222
1,-5.22,0.86,-6.28,0,17,25,38,290
1,-5.33,0.67,-6.16,0,17,25,38,361
1,-5.06,0.63,-6.08,0,17,25,38,429
1,-4.90,0.78,-6.39,0,17,25,38,499
1,-5.22,0.75,-6.32,0,17,25,38,568
1,-5.10,0.75,-6.59,0,17,25,38,636
1,-5.10,0.78,-6.63,0,17,25,38,707
1,-5.49,0.71,-6.51,0,17,25,38,776
1,-5.10,0.63,-6.55,0,17,25,38,843
1,-5.02,0.82,-6.47,0,17,25,38,912
1,-5.14,0.71,-6.67,0,17,25,38,981
1,-5.02,0.55,-6.83,0,17,25,39,65
1,-5.06,0.51,-6.28,0,17,25,39,142
1,-5.18,0.78,-6.24,0,17,25,39,239
1,-5.02,0.82,-6.59,0,17,25,39,308
1,-4.82,0.75,-6.90,0,17,25,39,376
1,-5.02,0.59,-6.79,0,17,25,39,447
1,-4.94,0.47,-6.51,0,17,25,39,516
1,-4.90,0.90,-6.55,0,17,25,39,586
1,-5.06,0.59,-6.79,0,17,25,39,654
1,-4.79,0.71,-6.83,0,17,25,39,722
1,-4.98,0.43,-6.39,0,17,25,39,791
1,-4.75,0.78,-6.79,0,17,25,39,865
1,-5.02,0.39,-6.90,0,17,25,39,935
1,-4.79,0.39,-6.59,0,17,25,40,3
1,-4.94,0.59,-6.55,0,17,25,40,74
1,-5.06,0.63,-6.47,0,17,25,40,141
1,-4.90,0.82,-6.59,0,17,25,40,210
1,-4.82,0.67,-6.67,0,17,25,40,283
1,-5.06,0.86,-6.71,0,17,25,40,356
1,-5.02,0.78,-6.59,0,17,25,40,425
1,-4.82,0.35,-6.90,0,17,25,40,494
1,-4.90,0.63,-6.67,0,17,25,40,565
1,-4.86,0.71,-6.75,0,17,25,40,634
1,-5.14,0.82,-6.59,0,17,25,40,702
1,-4.75,1.06,-6.83,0,17,25,40,777
1,-4.98,0.82,-6.47,0,17,25,40,846
1,-5.06,0.67,-6.47,0,17,25,40,915
1,-4.98,0.71,-6.71,0,17,25,40,983
1,-4.94,0.63,-6.83,0,17,25,41,51
1,-4.94,0.75,-6.59,0,17,25,41,121
1,-4.98,0.94,-6.63,0,17,25,41,240
1,-4.86,0.98,-6.51,0,17,25,41,308
1,-4.98,0.55,-6.71,0,17,25,41,378
1,-4.98,0.55,-6.67,0,17,25,41,492
1,-5.02,0.67,-6.43,0,17,25,41,563
1,-4.82,0.59,-6.55,0,17,25,41,650
1,-4.90,0.94,-6.71,0,17,25,41,718
1,-4.98,0.78,-6.67,0,17,25,41,789
1,-5.02,0.67,-6.67,0,17,25,41,856
1,-4.82,0.63,-6.71,0,17,25,41,928
1,-5.02,0.59,-6.83,0,17,25,41,999
1,-4.98,0.67,-6.67,0,17,25,42,68
1,-4.82,0.71,-6.67,0,17,25,42,137
1,-4.86,0.55,-6.59,0,17,25,42,210
1,-5.02,0.63,-6.55,0,17,25,42,288
1,-4.82,0.82,-6.71,0,17,25,42,357
1,-4.75,0.67,-6.79,0,17,25,42,427
1,-4.90,0.71,-6.55,0,17,25,42,495
1,-4.94,0.75,-6.55,0,17,25,42,564
1,-4.98,0.82,-6.86,0,17,25,42,633
1,-4.94,0.47,-6.71,0,17,25,42,702
1,-4.55,0.71,-6.12,0,17,25,42,771
1,-4.82,1.18,-6.94,0,17,25,42,839
1,-4.79,0.82,-6.75,0,17,25,42,909
1,-4.51,0.78,-6.90,0,17,25,42,980
1,-4.71,0.67,-6.63,0,17,25,43,49
1,-4.79,0.47,-6.59,0,17,25,43,118
1,-4.59,0.43,-7.02,0,17,25,43,198
1,-4.63,0.55,-7.02,0,17,25,43,290
1,-4.67,0.51,-6.71,0,17,25,43,359
1,-4.86,0.67,-6.86,0,17,25,43,427
1,-4.47,0.63,-6.86,0,17,25,43,495
1,-4.63,0.47,-6.59,0,17,25,43,563
1,-4.82,0.39,-6.59,0,17,25,43,632
1,-4.75,0.51,-6.86,0,17,25,43,704
1,-4.75,0.35,-6.83,0,17,25,43,773
1,-4.82,0.51,-6.71,0,17,25,43,842
1,-4.71,0.59,-6.75,0,17,25,43,916
1,-4.63,0.55,-6.67,0,17,25,43,988
1,-4.71,0.39,-6.67,0,17,25,44,56
1,-4.82,0.51,-6.75,0,17,25,44,122
1,-4.79,0.67,-6.79,0,17,25,44,195
1,-4.63,0.63,-6.71,0,17,25,44,263
1,-4.67,0.55,-6.51,0,17,25,44,332
1,-4.51,0.78,-6.63,0,17,25,44,411
1,-4.55,0.71,-6.35,0,17,25,44,485
1,-3.84,0.63,-7.49,0,17,25,44,557
1,-3.61,0.67,-7.96,0,17,25,44,625
1,-4.00,0.47,-7.34,0,17,25,44,694
1,-4.00,0.55,-7.14,0,17,25,44,764
1,-3.88,0.51,-7.10,0,17,25,44,833
1,-3.77,0.51,-7.22,0,17,25,44,903
1,-3.84,0.43,-7.14,0,17,25,44,974
1,-3.84,0.63,-7.30,0,17,25,45,42
1,-4.12,0.59,-7.18,0,17,25,45,112
1,-4.28,0.51,-7.06,0,17,25,45,181
1,-4.39,0.31,-6.75,0,17,25,45,250
1,-4.59,0.55,-6.86,0,17,25,45,318
1,-4.63,0.59,-6.94,0,17,25,45,388
1,-4.43,0.20,-6.75,0,17,25,45,459
1,-4.47,0.43,-6.90,0,17,25,45,526
1,-4.51,0.43,-6.94,0,17,25,45,596
1,-4.28,0.90,-5.65,0,17,25,45,664
1,-4.63,0.90,-7.41,0,17,25,45,733
1,-4.82,0.59,-7.06,0,17,25,45,807
1,-4.71,0.39,-6.59,0,17,25,45,876
1,-4.75,0.47,-6.75,0,17,25,45,944
1,-4.55,0.67,-6.83,0,17,25,46,68
1,-4.71,0.59,-6.79,0,17,25,46,138
1,-4.59,0.63,-6.94,0,17,25,46,212
1,-4.67,0.67,-6.79,0,17,25,46,282
1,-4.71,0.55,-6.71,0,17,25,46,349
1,-4.51,0.78,-6.86,0,17,25,46,422
1,-4.43,1.02,-6.94,0,17,25,46,491
1,-4.90,0.55,-6.67,0,17,25,46,563
1,-4.82,0.71,-6.43,0,17,25,46,633
1,-4.59,0.71,-6.94,0,17,25,46,702
1,-4.82,0.59,-6.86,0,17,25,46,772
1,-4.82,0.59,-6.90,0,17,25,46,843
1,-4.86,0.63,-6.83,0,17,25,46,913
1,-4.71,0.59,-6.79,0,17,25,46,984
1,-4.82,0.51,-6.59,0,17,25,47,53
1,-4.75,0.63,-6.67,0,17,25,47,124
1,-4.94,0.55,-6.71,0,17,25,47,193
1,-4.82,0.59,-6.83,0,17,25,47,262
1,-4.90,0.51,-6.71,0,17,25,47,336
1,-4.75,0.55,-6.79,0,17,25,47,405
1,-4.82,0.63,-6.94,0,17,25,47,482
1,-4.90,0.63,-6.83,0,17,25,47,554
1,-4.82,0.51,-6.83,0,17,25,47,623
1,-5.06,0.47,-7.02,0,17,25,47,694
1,-4.94,0.55,-7.14,0,17,25,47,766
1,-4.75,0.35,-6.28,0,17,25,47,845
1,-4.79,0.31,-6.08,0,17,25,47,912
1,-5.06,0.71,-6.28,0,17,25,47,983
1,-4.94,0.75,-6.79,0,17,25,48,52
1,-5.02,0.59,-6.55,0,17,25,48,121
1,-4.98,0.27,-6.51,0,17,25,48,189
1,-4.63,0.35,-6.71,0,17,25,48,278
1,-4.75,0.63,-6.75,0,17,25,48,347
1,-4.43,0.63,-6.32,0,17,25,48,421
1,-4.31,0.63,-6.90,0,17,25,48,490
1,-4.67,0.43,-7.26,0,17,25,48,559
1,-4.71,0.16,-7.14,0,17,25,48,629
1,-4.75,0.35,-6.90,0,17,25,48,697
1,-4.39,0.59,-6.86,0,17,25,48,765
1,-4.20,0.43,-6.86,0,17,25,48,835
1,-4.71,0.35,-6.43,0,17,25,48,907
1,-4.63,0.43,-6.86,0,17,25,48,975
1,-4.47,0.63,-7.49,0,17,25,49,44
1,-4.43,0.47,-7.22,0,17,25,49,119
1,-4.59,0.12,-7.18,0,17,25,49,187
1,-4.35,0.16,-6.63,0,17,25,49,256
1,-4.16,0.47,-7.18,0,17,25,49,326
1,-4.47,0.55,-6.90,0,17,25,49,394
1,-4.43,0.43,-6.86,0,17,25,49,463
1,-4.47,0.55,-6.94,0,17,25,49,533
1,-4.51,0.35,-6.79,0,17,25,49,602
1,-4.43,0.67,-6.71,0,17,25,49,674
1,-4.39,0.63,-6.71,0,17,25,49,743
1,-4.59,0.71,-6.75,0,17,25,49,813
1,-4.63,0.59,-6.79,0,17,25,49,884
1,-4.31,0.75,-7.02,0,17,25,49,954
1,-4.12,0.94,-6.67,0,17,25,50,23
1,-4.20,0.75,-6.55,0,17,25,50,104
1,-3.57,0.86,-7.37,0,17,25,50,172
1,-3.33,0.94,-7.53,0,17,25,50,241
1,-2.90,1.18,-7.85,0,17,25,50,309
1,-2.31,1.41,-7.53,0,17,25,50,378
1,-1.33,1.61,-6.55,0,17,25,50,450
1,-2.35,1.29,-6.00,0,17,25,50,515
1,-2.98,2.63,-7.49,0,17,25,50,585
1,-1.73,3.33,-9.02,0,17,25,50,654
1,-1.73,2.12,-8.71,0,17,25,50,722
1,-2.28,3.06,-8.00,0,17,25,50,790
1,-2.59,2.86,-8.79,0,17,25,50,861
1,-2.31,2.51,-7.10,0,17,25,50,930
1,-1.96,2.24,-5.45,0,17,25,50,999
1,-3.33,1.53,-6.71,0,17,25,51,68
1,-1.92,2.12,-8.83,0,17,25,51,138
1,-1.29,0.12,-9.57,0,17,25,51,221
1,-1.96,-0.63,-8.51,0,17,25,51,290
1,-2.55,-1.14,-7.34,0,17,25,51,359
1,-2.47,0.27,-6.47,0,17,25,51,456
1,-2.20,0.35,-6.12,0,17,25,51,523
1,-3.61,1.18,-7.41,0,17,25,51,592
1,-3.92,1.61,-8.28,0,17,25,51,661
1,-4.04,1.92,-8.94,0,17,25,51,732
1,-1.53,1.73,-8.79,0,17,25,51,801
1,-2.31,1.65,-7.41,0,17,25,51,870
1,-1.96,2.43,-7.30,0,17,25,51,939
1,-1.88,2.35,-6.94,0,17,25,52,7
1,-2.39,1.92,-6.20,0,17,25,52,79
1,-3.06,1.49,-6.75,0,17,25,52,148
1,-4.20,1.61,-7.65,0,17,25,52,216
1,-4.90,1.92,-8.20,0,17,25,52,285
1,-2.31,1.77,-9.30,0,17,25,52,355
1,-3.49,1.45,-7.14,0,17,25,52,423
1,-2.28,1.92,-7.49,0,17,25,52,501
1,-2.82,1.57,-6.90,0,17,25,52,572
1,-3.33,1.49,-5.45,0,17,25,52,641
1,-3.41,1.73,-6.75,0,17,25,52,711
1,-3.92,1.26,-7.06,0,17,25,52,782
1,-4.16,1.96,-8.24,0,17,25,52,853
1,-5.45,2.55,-7.77,0,17,25,52,929
1,-4.59,2.28,-6.98,0,17,25,52,0
1,-4.16,3.06,-6.35,0,17,25,53,67
1,-4.75,2.59,-5.45,0,17,25,53,139
1,-3.37,2.94,-6.79,0,17,25,53,210
1,-4.67,2.35,-5.45,0,17,25,53,277
1,-5.45,2.31,-6.04,0,17,25,53,347
1,-5.61,2.51,-6.71,0,17,25,53,419
1,-5.61,2.47,-6.39,0,17,25,53,489
1,-5.61,1.80,-6.28,0,17,25,53,562
1,-5.37,2.20,-6.35,0,17,25,53,631
1,-5.65,2.00,-6.04,0,17,25,53,710
1,-5.33,1.80,-6.28,0,17,25,53,782
1,-4.94,1.88,-5.77,0,17,25,53,855
1,-5.18,2.16,-6.55,0,17,25,53,925
1,-6.00,1.18,-7.02,0,17,25,54,46
1,-5.22,1.73,-5.81,0,17,25,54,116
1,-4.67,2.75,-6.51,0,17,25,54,183
1,-4.82,2.39,-6.35,0,17,25,54,252
1,-5.10,1.92,-6.67,0,17,25,54,324
1,-5.18,2.12,-5.84,0,17,25,54,395
1,-5.49,1.57,-6.39,0,17,25,54,465
1,-5.92,1.61,-6.39,0,17,25,54,533
1,-5.06,1.69,-6.20,0,17,25,54,601
1,-4.75,2.16,-6.79,0,17,25,54,670
1,-5.65,1.53,-6.04,0,17,25,54,738
1,-5.45,1.96,-6.28,0,17,25,54,807
1,-5.53,1.88,-6.55,0,17,25,54,875
1,-5.69,1.61,-6.00,0,17,25,54,944
1,-5.41,1.37,-5.77,0,17,25,55,13
1,-5.49,1.49,-6.12,0,17,25,55,82
1,-5.61,1.88,-6.16,0,17,25,55,150
1,-5.69,1.61,-6.43,0,17,25,55,248
1,-5.49,1.61,-6.32,0,17,25,55,322
1,-5.53,1.53,-6.08,0,17,25,55,392
1,-5.53,1.45,-6.20,0,17,25,55,463
1,-5.18,2.08,-6.86,0,17,25,55,533
1,-5.57,1.49,-6.28,0,17,25,55,600
1,-5.45,1.18,-5.88,0,17,25,55,669
1,-5.45,1.41,-6.51,0,17,25,55,737
1,-5.41,1.29,-6.39,0,17,25,55,806
1,-5.45,1.26,-6.28,0,17,25,55,874
1,-5.45,0.98,-6.24,0,17,25,55,944
1,-5.57,0.82,-6.20,0,17,25,56,11
1,-5.41,1.10,-6.59,0,17,25,56,82
1,-4.75,1.96,-8.47,0,17,25,56,150
1,-5.57,0.90,-6.94,0,17,25,56,220
1,-5.65,0.82,-5.96,0,17,25,56,289
1,-5.14,0.82,-6.16,0,17,25,56,358
1,-5.14,0.98,-6.55,0,17,25,56,426
1,-5.33,0.94,-6.24,0,17,25,56,495
1,-5.30,0.86,-6.20,0,17,25,56,563
1,-4.98,0.75,-6.75,0,17,25,56,632
1,-5.10,0.67,-6.43,0,17,25,56,702
1,-4.94,0.59,-6.20,0,17,25,56,772
1,-5.18,0.59,-6.63,0,17,25,56,843
1,-4.79,0.71,-7.14,0,17,25,56,910
1,-5.33,0.31,-6.35,0,17,25,56,980
1,-5.10,0.27,-7.49,0,17,25,57,51
1,-4.79,0.35,-7.49,0,17,25,57,120
1,-4.35,0.27,-6.71,0,17,25,57,188
1,-4.12,0.47,-7.14,0,17,25,57,256
1,-3.96,0.35,-6.51,0,17,25,57,325
1,-4.24,-0.31,-6.12,0,17,25,57,393
1,-3.22,-0.04,-7.81,0,17,25,57,463
1,-3.92,0.00,-7.57,0,17,25,57,531
1,-3.80,-0.39,-8.36,0,17,25,57,600
1,-4.28,-0.12,-8.47,0,17,25,57,672
1,-3.53,0.04,-7.37,0,17,25,57,739
1,-3.26,0.04,-7.69,0,17,25,57,807
1,-3.45,-0.47,-6.71,0,17,25,57,878
1,-3.45,-0.98,-6.39,0,17,25,57,948
1,-3.53,-0.39,-6.12,0,17,25,58,16
1,-3.80,0.20,-7.10,0,17,25,58,84
1,-4.39,0.04,-6.90,0,17,25,58,151
1,-3.88,1.69,-7.18,0,17,25,58,219
1,-4.39,0.67,-7.10,0,17,25,58,288
1,-4.31,1.77,-7.57,0,17,25,58,360
1,-4.39,1.37,-6.83,0,17,25,58,429
1,-4.12,1.69,-6.83,0,17,25,58,499
1,-3.84,2.24,-6.86,0,17,25,58,570
1,-3.65,1.69,-7.02,0,17,25,58,640
1,-4.00,1.53,-7.26,0,17,25,58,710
1,-4.55,1.45,-6.90,0,17,25,58,780
1,-4.82,1.06,-6.98,0,17,25,58,849
1,-4.86,1.33,-7.45,0,17,25,58,921
1,-5.41,0.12,-7.26,0,17,25,58,995
1,-2.90,0.24,-7.18,0,17,25,59,73
1,-3.14,0.24,-6.83,0,17,25,59,143
1,-3.88,0.27,-6.71,0,17,25,59,212
1,-3.30,0.08,-7.02,0,17,25,59,283
1,-4.35,0.16,-6.24,0,17,25,59,352
1,-4.08,0.16,-6.35,0,17,25,59,446
1,-3.84,0.55,-6.75,0,17,25,59,517
1,-4.24,0.67,-7.30,0,17,25,59,586
1,-4.71,0.08,-7.18,0,17,25,59,654
1,-4.94,0.08,-7.96,0,17,25,59,722
1,-4.39,0.78,-8.55,0,17,25,59,794
1,-3.37,1.06,-7.18,0,17,25,59,863
1,-3.73,1.14,-6.28,0,17,25,59,931
1,-2.98,1.80,-6.79,0,17,25,59,999
1,-3.80,1.73,-6.83,0,17,26,0,67
1,-3.53,1.45,-7.02,0,17,26,0,137
1,-3.69,1.84,-7.41,0,17,26,0,205
1,-4.00,1.53,-7.10,0,17,26,0,274
1,-4.04,1.37,-6.83,0,17,26,0,343
1,-3.92,1.80,-7.10,0,17,26,0,418
1,-4.08,1.61,-7.18,0,17,26,0,487
1,-4.20,1.69,-6.86,0,17,26,0,562
1,-4.39,1.57,-6.90,0,17,26,0,631
1,-4.24,1.65,-7.77,0,17,26,0,701
1,-4.47,1.41,-7.81,0,17,26,0,772
1,-3.57,0.90,-7.57,0,17,26,0,840
1,-3.30,1.26,-6.90,0,17,26,0,909
1,-3.61,0.78,-6.43,0,17,26,0,979
1,-3.45,0.39,-6.59,0,17,26,1,65
1,-3.45,0.51,-7.14,0,17,26,1,135
1,-3.69,0.08,-6.94,0,17,26,1,203
1,-3.30,0.82,-7.45,0,17,26,1,273
1,-3.41,0.55,-7.18,0,17,26,1,345
1,-3.45,-0.04,-7.34,0,17,26,1,413
1,-3.57,0.08,-7.57,0,17,26,1,482
1,-3.65,0.31,-7.26,0,17,26,1,552
1,-4.31,0.04,-7.14,0,17,26,1,622
1,-3.61,0.55,-7.61,0,17,26,1,692
1,-4.31,0.43,-7.45,0,17,26,1,762
1,-4.71,0.90,-7.65,0,17,26,1,835
1,-3.37,0.47,-7.06,0,17,26,1,905
1,-4.24,1.02,-6.67,0,17,26,1,973
1,-3.69,1.06,-6.98,0,17,26,2,43
1,-3.73,1.22,-6.86,0,17,26,2,119
1,-4.43,1.61,-6.90,0,17,26,2,187
1,-4.63,1.14,-6.98,0,17,26,2,258
1,-4.43,1.02,-7.02,0,17,26,2,327
1,-4.94,0.98,-6.94,0,17,26,2,399
1,-4.47,1.06,-6.94,0,17,26,2,468
1,-4.75,1.02,-6.79,0,17,26,2,536
1,-4.20,0.59,-6.90,0,17,26,2,608
1,-4.71,0.55,-6.59,0,17,26,2,678
1,-4.47,0.47,-6.79,0,17,26,2,746
1,-4.75,0.55,-6.90,0,17,26,2,813
1,-4.98,0.47,-6.63,0,17,26,2,884
1,-4.63,0.67,-6.24,0,17,26,2,953
1,-4.98,0.71,-6.59,0,17,26,3,23
1,-4.59,0.78,-6.83,0,17,26,3,95
1,-5.02,0.63,-6.55,0,17,26,3,167
1,-4.75,0.59,-6.90,0,17,26,3,237
1,-4.82,0.55,-6.75,0,17,26,3,309
1,-4.75,0.59,-6.75,0,17,26,3,378
1,-4.86,0.31,-6.79,0,17,26,3,446
1,-4.63,0.86,-6.94,0,17,26,3,515
1,-4.67,0.59,-6.63,0,17,26,3,585
1,-4.90,0.39,-6.39,0,17,26,3,653
1,-4.75,0.59,-6.86,0,17,26,3,724
1,-4.43,0.67,-6.86,0,17,26,3,794
1,-4.51,0.63,-6.86,0,17,26,3,863
1,-4.59,0.67,-7.14,0,17,26,3,934
1,-4.35,0.31,-7.02,0,17,26,4,3
1,-4.12,0.20,-6.90,0,17,26,4,71
1,-4.43,0.63,-7.02,0,17,26,4,140
1,-4.39,0.31,-7.06,0,17,26,4,208
1,-4.08,0.59,-6.98,0,17,26,4,280
1,-4.35,0.55,-6.90,0,17,26,4,352
1,-4.35,0.43,-6.94,0,17,26,4,420
1,-4.24,0.51,-6.86,0,17,26,4,490
1,-4.43,0.59,-6.86,0,17,26,4,559
1,-4.35,0.59,-7.18,0,17,26,4,632
1,-4.28,0.63,-7.10,0,17,26,4,701
1,-4.31,0.59,-7.14,0,17,26,4,781
1,-4.28,0.55,-7.14,0,17,26,4,848
1,-4.08,0.55,-6.67,0,17,26,4,920
1,-4.28,0.47,-6.98,0,17,26,4,988
1,-4.47,0.63,-7.37,0,17,26,5,57
1,-4.12,0.39,-6.55,0,17,26,5,124
1,-4.04,0.94,-7.34,0,17,26,5,197
1,-4.55,0.63,-7.06,0,17,26,5,268
1,-4.43,0.43,-6.86,0,17,26,5,338
1,-4.35,0.90,-7.10,0,17,26,5,407
1,-4.31,0.43,-7.06,0,17,26,5,475
1,-4.35,0.63,-6.94,0,17,26,5,545
1,-4.75,0.63,-6.83,0,17,26,5,614
1,-4.31,0.67,-7.14,0,17,26,5,682
1,-4.35,0.55,-6.75,0,17,26,6,435
1,-4.67,0.63,-6.51,0,17,26,6,506
1,-4.51,1.33,-5.84,0,17,26,6,576
1,-4.43,0.90,-7.10,0,17,26,6,644
1,-4.43,0.94,-7.18,0,17,26,6,714
1,-4.55,0.20,-6.75,0,17,26,6,787
1,-4.39,0.35,-7.10,0,17,26,6,855
1,-4.39,0.51,-6.71,0,17,26,6,925
1,-4.71,0.63,-6.98,0,17,26,7,13
1,-4.16,0.67,-6.98,0,17,26,7,85
1,-4.39,0.39,-6.67,0,17,26,7,155
1,-4.35,0.59,-6.79,0,17,26,7,224
1,-3.73,0.39,-7.30,0,17,26,7,293
1,-3.92,0.24,-7.37,0,17,26,7,363
1,-4.08,0.24,-7.37,0,17,26,7,435
1,-3.69,0.82,-7.18,0,17,26,7,507
1,-3.69,0.63,-7.02,0,17,26,7,578
1,-4.24,0.16,-7.26,0,17,26,7,653
1,-4.08,0.43,-6.94,0,17,26,7,724
1,-4.24,0.59,-6.39,0,17,26,7,794
1,-4.63,0.35,-6.90,0,17,26,7,863
1,-4.67,0.55,-6.94,0,17,26,7,930
1,-4.51,0.51,-6.79,0,17,26,8,1
1,-4.20,0.27,-7.02,0,17,26,8,71
1,-4.75,0.59,-6.75,0,17,26,8,145
1,-4.55,0.43,-6.83,0,17,26,8,214
1,-4.20,0.31,-7.14,0,17,26,8,290
1,-4.43,0.55,-6.75,0,17,26,8,361
1,-4.47,0.55,-6.75,0,17,26,8,430
1,-4.67,0.16,-6.75,0,17,26,8,499
1,-4.31,0.71,-7.18,0,17,26,8,570
1,-4.28,0.47,-7.14,0,17,26,8,646
1,-4.39,0.47,-6.83,0,17,26,8,740
1,-4.55,0.43,-6.86,0,17,26,8,810
1,-4.04,0.55,-7.34,0,17,26,8,881
1,-4.51,0.39,-7.02,0,17,26,8,950
1,-4.39,0.51,-6.94,0,17,26,9,23
1,-4.24,0.75,-7.22,0,17,26,9,92
1,-4.08,0.59,-7.06,0,17,26,9,166
1,-4.24,0.27,-6.79,0,17,26,9,235
1,-4.24,0.63,-6.71,0,17,26,9,304
1,-4.28,0.63,-7.26,0,17,26,9,373
1,-4.28,0.51,-6.90,0,17,26,9,443
1,-4.51,0.39,-7.02,0,17,26,9,528
1,-4.16,0.47,-7.14,0,17,26,9,598
1,-4.24,0.63,-6.98,0,17,26,9,668
1,-4.24,0.51,-6.79,0,17,26,9,738
1,-4.31,0.63,-6.98,0,17,26,9,809
1,-4.28,0.59,-6.71,0,17,26,9,884
1,-4.28,0.51,-6.98,0,17,26,9,952
1,-4.43,0.43,-7.18,0,17,26,10,21
1,-4.12,0.55,-7.06,0,17,26,10,89
1,-4.28,0.59,-7.02,0,17,26,10,172
1,-4.28,0.63,-7.18,0,17,26,10,241
1,-4.12,0.67,-7.30,0,17,26,10,311
1,-4.24,0.67,-7.02,0,17,26,10,380
1,-4.24,0.63,-6.83,0,17,26,10,449
1,-3.92,0.59,-7.14,0,17,26,10,517
1,-4.08,0.78,-7.26,0,17,26,10,585
1,-4.08,0.75,-7.34,0,17,26,10,655
1,-4.00,0.75,-6.90,0,17,26,10,732
1,-4.47,0.59,-6.94,0,17,26,10,803
1,-3.77,0.24,-7.02,0,17,26,10,872
1,-3.88,0.82,-7.26,0,17,26,10,940
1,-4.08,0.59,-7.06,0,17,26,11,9
1,-4.28,0.59,-6.94,0,17,26,11,78
1,-4.04,0.71,-7.26,0,17,26,11,147
1,-4.08,0.59,-7.22,0,17,26,11,216
1,-4.20,0.59,-7.22,0,17,26,11,285
1,-4.08,0.51,-7.26,0,17,26,11,354
1,-4.16,0.71,-6.98,0,17,26,11,425
1,-4.31,0.67,-6.94,0,17,26,11,495
1,-4.24,0.55,-6.90,0,17,26,11,564
1,-4.08,0.67,-7.10,0,17,26,11,633
1,-4.20,0.55,-6.86,0,17,26,11,703
1,-4.20,0.51,-7.06,0,17,26,11,772
1,-4.51,0.63,-7.06,0,17,26,11,844
1,-4.28,0.67,-7.02,0,17,26,11,913
1,-4.31,0.47,-7.02,0,17,26,11,984
1,-4.47,0.35,-7.02,0,17,26,12,54
1,-4.47,0.63,-6.86,0,17,26,12,124
1,-4.55,0.67,-6.79,0,17,26,12,193
1,-4.24,0.67,-7.34,0,17,26,12,263
1,-4.51,0.67,-6.71,0,17,26,12,331
1,-4.35,0.78,-6.71,0,17,26,12,399
1,-4.24,0.90,-7.26,0,17,26,12,469
1,-4.28,0.43,-6.90,0,17,26,12,538
1,-4.39,0.35,-6.79,0,17,26,12,609
1,-4.43,0.35,-7.02,0,17,26,12,678
1,-4.24,0.59,-7.02,0,17,26,12,753
1,-4.35,0.35,-7.22,0,17,26,12,823
1,-4.47,0.63,-6.51,0,17,26,12,892
1,-4.28,0.47,-6.94,0,17,26,12,963
1,-4.16,0.75,-7.18,0,17,26,13,33
1,-4.31,0.71,-7.30,0,17,26,13,101
1,-4.39,0.55,-7.02,0,17,26,13,172
1,-4.24,0.71,-6.94,0,17,26,13,242
1,-4.24,0.59,-6.83,0,17,26,13,311
1,-4.47,0.47,-6.94,0,17,26,13,381
1,-4.20,0.71,-7.14,0,17,26,13,451
1,-4.24,0.39,-6.71,0,17,26,13,520
1,-4.24,0.71,-7.02,0,17,26,13,588
1,-4.47,0.51,-7.06,0,17,26,13,656
1,-4.08,0.55,-6.98,0,17,26,13,725
1,-4.00,0.71,-7.10,0,17,26,13,795
1,-4.47,0.67,-6.98,0,17,26,13,866
1,-4.55,0.51,-6.83,0,17,26,13,949
1,-4.24,0.35,-6.86,0,17,26,14,51
1,-4.51,0.59,-6.83,0,17,26,14,119
1,-4.31,0.63,-7.02,0,17,26,14,189
1,-4.16,0.75,-7.10,0,17,26,14,261
1,-4.63,0.59,-7.22,0,17,26,14,329
1,-4.35,0.35,-6.98,0,17,26,14,413
1,-3.92,0.59,-6.98,0,17,26,14,482
1,-4.35,0.55,-7.10,0,17,26,14,552
1,-4.35,0.51,-6.79,0,17,26,14,625
1,-4.20,0.51,-6.98,0,17,26,14,693
1,-4.31,0.59,-7.02,0,17,26,14,763
1,-4.12,0.59,-7.10,0,17,26,14,831
1,-4.16,0.59,-6.86,0,17,26,14,902
1,-4.31,0.55,-6.98,0,17,26,14,973
1,-4.28,0.78,-7.10,0,17,26,15,47
1,-4.31,0.67,-7.18,0,17,26,15,116
1,-4.35,0.71,-6.98,0,17,26,15,186
1,-4.31,0.63,-6.90,0,17,26,15,259
1,-4.31,0.59,-6.94,0,17,26,15,328
1,-4.31,0.78,-7.18,0,17,26,15,396
1,-4.35,0.59,-7.14,0,17,26,15,470
1,-4.43,0.55,-6.86,0,17,26,15,552
1,-4.39,0.67,-6.94,0,17,26,15,621
1,-4.47,0.71,-6.86,0,17,26,15,691
1,-4.39,0.63,-6.98,0,17,26,15,760
1,-4.39,0.67,-6.90,0,17,26,15,829
1,-4.51,0.75,-6.86,0,17,26,15,899
1,-4.39,0.71,-6.94,0,17,26,15,968
1,-4.43,0.55,-6.86,0,17,26,16,37
1,-4.51,0.67,-6.90,0,17,26,16,108
1,-4.51,0.63,-6.90,0,17,26,16,185
1,-4.43,0.63,-6.94,0,17,26,16,254
1,-4.51,0.71,-6.90,0,17,26,16,323
1,-4.43,0.51,-6.79,0,17,26,16,391
1,-4.28,0.82,-6.59,0,17,26,16,497
1,-3.73,0.78,-7.18,0,17,26,16,598
1,-3.84,0.00,-7.53,0,17,26,16,671
1,-3.92,0.00,-7.34,0,17,26,16,740
1,-3.53,0.55,-7.45,0,17,26,16,810
1,-3.69,0.20,-7.14,0,17,26,16,879
1,-3.84,0.51,-7.14,0,17,26,16,949
1,-4.08,0.24,-6.94,0,17,26,17,21
1,-3.65,0.78,-7.34,0,17,26,17,90
1,-3.69,0.94,-7.26,0,17,26,17,158
1,-3.84,0.82,-7.10,0,17,26,17,227
1,-3.77,1.06,-7.26,0,17,26,17,295
1,-3.80,0.94,-7.45,0,17,26,17,363
1,-3.92,0.71,-7.14,0,17,26,17,436
1,-3.73,0.82,-7.10,0,17,26,17,504
1,-4.00,0.75,-7.06,0,17,26,17,572
1,-3.73,0.98,-7.06,0,17,26,17,641
1,-4.00,1.06,-7.22,0,17,26,17,710
1,-3.96,0.98,-7.22,0,17,26,17,782
1,-4.12,0.86,-7.10,0,17,26,17,851
1,-3.96,0.75,-7.26,0,17,26,17,920
1,-3.96,0.86,-6.75,0,17,26,17,990
1,-3.92,0.78,-6.94,0,17,26,18,61
1,-4.35,1.10,-7.06,0,17,26,18,130
1,-4.08,0.90,-7.22,0,17,26,18,198
1,-3.96,0.63,-6.67,0,17,26,18,272
1,-4.12,0.94,-7.06,0,17,26,18,342
1,-4.35,0.82,-6.90,0,17,26,18,413
1,-4.16,0.71,-7.02,0,17,26,18,485
1,-4.16,0.63,-7.14,0,17,26,18,554
1,-3.96,0.86,-7.22,0,17,26,18,622
1,-4.39,0.75,-7.06,0,17,26,18,692
1,-4.12,0.75,-7.06,0,17,26,18,762
1,-4.16,0.82,-6.98,0,17,26,18,831
1,-4.20,0.51,-6.71,0,17,26,18,903
1,-4.43,0.71,-6.90,0,17,26,18,974
1,-4.31,0.78,-7.22,0,17,26,19,44
1,-4.43,0.67,-6.86,0,17,26,19,114
1,-4.12,0.78,-7.22,0,17,26,19,184
1,-4.51,0.75,-7.10,0,17,26,19,252
1,-4.51,0.78,-6.75,0,17,26,19,324
1,-3.96,0.63,-6.83,0,17,26,19,395
1,-4.20,0.98,-7.10,0,17,26,19,464
1,-4.43,0.67,-6.83,0,17,26,19,535
1,-4.28,0.63,-6.79,0,17,26,19,614
1,-4.08,0.39,-7.02,0,17,26,19,684
1,-4.35,0.94,-5.92,0,17,26,19,768
1,-4.55,0.59,-7.57,0,17,26,19,838
1,-4.12,0.51,-6.79,0,17,26,19,908
1,-4.28,0.63,-6.86,0,17,26,19,978
1,-4.43,0.51,-7.06,0,17,26,20,48
1,-4.28,0.43,-6.90,0,17,26,20,121
1,-4.39,0.59,-6.94,0,17,26,20,190
1,-4.20,0.67,-6.98,0,17,26,20,261
1,-4.20,0.94,-6.98,0,17,26,20,330
1,-4.24,0.67,-6.86,0,17,26,20,400
1,-4.43,0.51,-6.98,0,17,26,20,473
1,-4.31,0.39,-7.14,0,17,26,20,540
1,-4.16,0.75,-7.22,0,17,26,20,619
1,-4.20,0.75,-6.98,0,17,26,20,689
1,-4.12,0.63,-6.94,0,17,26,20,764
1,-4.28,0.51,-6.98,0,17,26,20,837
1,-4.39,0.75,-7.10,0,17,26,20,909
1,-4.31,0.51,-6.98,0,17,26,20,981
1,-4.35,0.67,-6.94,0,17,26,21,51
1,-4.28,0.59,-6.94,0,17,26,21,123
1,-4.28,0.67,-6.90,0,17,26,21,192
1,-4.20,0.78,-7.22,0,17,26,21,261
1,-4.12,0.86,-7.02,0,17,26,21,332
1,-4.31,0.55,-6.83,0,17,26,21,401
1,-4.20,0.67,-6.90,0,17,26,21,470
1,-4.24,0.63,-7.14,0,17,26,21,539
1,-4.20,0.67,-6.98,0,17,26,21,609
1,-4.28,0.59,-6.90,0,17,26,21,678
1,-4.24,0.67,-7.02,0,17,26,21,754
1,-4.12,0.59,-7.10,0,17,26,21,822
1,-4.39,0.59,-6.83,0,17,26,21,890
1,-4.24,0.63,-7.14,0,17,26,21,961
1,-4.16,0.63,-7.22,0,17,26,22,30
1,-4.28,0.63,-6.98,0,17,26,22,103
1,-4.16,0.67,-6.94,0,17,26,22,173
1,-4.16,0.63,-6.94,0,17,26,22,241
1,-4.24,0.86,-7.26,0,17,26,22,310
1,-4.35,0.59,-6.90,0,17,26,22,386
1,-4.00,0.82,-7.18,0,17,26,22,455
1,-4.31,0.55,-6.94,0,17,26,22,524
1,-4.20,0.78,-7.02,0,17,26,22,593
1,-4.35,0.55,-6.90,0,17,26,22,662
1,-4.35,0.55,-6.90,0,17,26,22,784
1,-4.28,0.51,-6.94,0,17,26,22,863
1,-4.28,0.67,-6.86,0,17,26,22,932
1,-4.31,0.67,-6.98,0,17,26,23,2
1,-4.31,0.71,-6.98,0,17,26,23,71
1,-4.28,0.71,-6.94,0,17,26,23,139
1,-4.35,0.71,-6.94,0,17,26,23,207
1,-4.16,0.75,-7.06,0,17,26,23,275
1,-4.24,0.71,-7.06,0,17,26,23,345
1,-4.20,0.63,-7.06,0,17,26,23,413
1,-4.31,0.71,-7.10,0,17,26,23,483
1,-4.24,0.63,-7.06,0,17,26,23,552
1,-4.24,0.67,-6.94,0,17,26,23,621
1,-4.28,0.59,-6.86,0,17,26,23,689
1,-4.16,0.67,-6.98,0,17,26,23,759
1,-4.24,0.63,-6.90,0,17,26,23,826
1,-4.35,0.63,-7.06,0,17,26,23,896
1,-4.28,0.55,-6.98,0,17,26,23,984
1,-4.20,0.71,-7.02,0,17,26,24,54
1,-4.31,0.71,-6.98,0,17,26,24,122
1,-4.28,0.55,-6.90,0,17,26,24,193
1,-4.31,0.71,-7.06,0,17,26,24,262
1,-4.24,0.59,-6.94,0,17,26,24,330
1,-4.39,0.63,-6.94,0,17,26,24,400
1,-4.20,0.67,-7.02,0,17,26,24,472
1,-4.28,0.59,-6.83,0,17,26,24,541
1,-4.16,0.67,-7.18,0,17,26,24,613
1,-4.12,0.63,-7.18,0,17,26,24,690
1,-4.20,0.71,-7.02,0,17,26,24,760
1,-4.28,0.71,-6.90,0,17,26,24,828
1,-4.20,0.71,-7.10,0,17,26,24,896
1,-4.20,0.75,-7.14,0,17,26,24,966
1,-4.20,0.63,-6.98,0,17,26,25,37
1,-4.31,0.78,-7.26,0,17,26,25,105
1,-4.28,0.71,-6.98,0,17,26,25,178
1,-4.20,0.67,-6.83,0,17,26,25,247
1,-4.28,0.86,-6.90,0,17,26,25,317
1,-4.28,0.75,-7.06,0,17,26,25,386
1,-4.35,0.67,-7.06,0,17,26,25,455
1,-4.24,0.82,-7.10,0,17,26,25,529
1,-4.35,0.71,-6.86,0,17,26,25,599
1,-4.31,0.82,-7.06,0,17,26,25,667
1,-4.35,0.75,-6.90,0,17,26,25,735
1,-4.24,0.55,-7.14,0,17,26,25,804
1,-4.39,0.82,-6.90,0,17,26,25,876
1,-4.39,0.55,-7.02,0,17,26,25,944
1,-4.04,0.90,-6.79,0,17,26,26,27
1,-4.20,0.75,-6.90,0,17,26,26,95
1,-4.31,0.67,-6.94,0,17,26,26,166
1,-4.20,0.78,-7.06,0,17,26,26,250
1,-4.39,0.71,-6.98,0,17,26,26,320
1,-4.24,0.71,-6.94,0,17,26,26,394
1,-4.35,0.75,-7.10,0,17,26,26,461
1,-4.28,0.63,-6.98,0,17,26,26,531
1,-4.31,0.71,-6.94,0,17,26,26,601
1,-4.24,0.78,-6.98,0,17,26,26,670
1,-4.39,0.75,-7.06,0,17,26,26,739
1,-4.35,0.71,-7.02,0,17,26,26,806
1,-4.31,0.78,-7.06,0,17,26,26,875
1,-4.39,0.63,-6.94,0,17,26,27,540
1,-4.28,0.71,-6.94,0,17,26,27,610
1,-4.24,0.71,-6.94,0,17,26,27,678
1,-4.20,0.71,-7.02,0,17,26,27,754
1,-4.28,0.71,-7.06,0,17,26,27,822
1,-4.24,0.78,-6.98,0,17,26,27,892
1,-4.35,0.63,-6.86,0,17,26,27,963
1,-4.31,0.67,-6.98,0,17,26,28,32
1,-4.31,0.71,-6.98,0,17,26,28,100
1,-4.39,0.71,-6.94,0,17,26,28,171
1,-4.24,0.78,-7.02,0,17,26,28,241
1,-4.31,0.63,-7.02,0,17,26,28,310
1,-4.28,0.82,-7.06,0,17,26,28,377
1,-4.20,0.78,-7.02,0,17,26,28,452
1,-4.43,0.59,-6.94,0,17,26,28,520
1,-4.16,0.71,-6.98,0,17,26,28,588
1,-4.47,0.86,-6.86,0,17,26,28,662
1,-4.39,0.63,-7.02,0,17,26,28,731
1,-4.35,0.71,-6.90,0,17,26,28,805
1,-4.28,0.75,-6.98,0,17,26,28,876
1,-4.39,0.75,-6.83,0,17,26,28,947
1,-4.43,0.67,-7.14,0,17,26,29,23
1,-4.43,0.71,-6.94,0,17,26,29,91
1,-4.47,0.71,-6.86,0,17,26,29,172
1,-4.24,0.75,-6.98,0,17,26,29,244
1,-4.39,0.63,-6.98,0,17,26,29,314
1,-4.31,0.59,-6.98,0,17,26,29,386
1,-4.31,0.78,-7.02,0,17,26,29,456
1,-4.47,0.59,-6.83,0,17,26,29,527
1,-4.35,0.71,-6.94,0,17,26,29,598
1,-4.35,0.67,-7.02,0,17,26,29,672
1,-4.28,0.71,-6.98,0,17,26,29,742
1,-4.51,0.55,-7.02,0,17,26,29,816
1,-4.51,0.63,-6.94,0,17,26,29,888
1,-4.28,0.82,-7.06,0,17,26,29,958
1,-4.28,0.55,-6.98,0,17,26,30,31
1,-4.35,0.67,-6.86,0,17,26,30,100
1,-4.39,0.71,-6.98,0,17,26,30,169
1,-4.28,0.67,-7.14,0,17,26,30,239
1,-4.39,0.59,-6.94,0,17,26,30,307
1,-4.28,0.67,-6.98,0,17,26,30,375
1,-4.43,0.78,-6.86,0,17,26,30,445
1,-4.35,0.67,-7.02,0,17,26,30,514
1,-4.31,0.71,-7.10,0,17,26,30,587
1,-4.28,0.86,-7.06,0,17,26,30,656
1,-4.31,0.71,-7.10,0,17,26,30,725
1,-4.28,0.71,-7.02,0,17,26,30,794
1,-4.31,0.75,-6.83,0,17,26,30,865
1,-4.24,0.67,-6.98,0,17,26,30,937
1,-4.20,0.67,-7.14,0,17,26,31,6
1,-4.35,0.67,-6.90,0,17,26,31,81
1,-4.35,0.67,-6.90,0,17,26,31,153
1,-4.35,0.75,-7.06,0,17,26,31,223
1,-4.43,0.59,-6.90,0,17,26,31,292
1,-4.43,0.71,-6.83,0,17,26,31,361
1,-4.12,0.90,-7.14,0,17,26,31,430
1,-4.31,0.71,-6.94,0,17,26,31,500
1,-4.35,0.82,-6.83,0,17,26,31,570
1,-4.39,0.78,-7.02,0,17,26,31,639
1,-4.35,0.86,-7.06,0,17,26,31,715
1,-4.31,0.90,-7.10,0,17,26,31,783
1,-4.35,0.98,-6.83,0,17,26,31,852
1,-4.47,0.86,-6.71,0,17,26,31,920
1,-4.31,0.90,-6.90,0,17,26,31,991
1,-4.20,1.02,-7.06,0,17,26,32,59
1,-4.47,0.98,-6.98,0,17,26,32,130
1,-4.31,0.71,-6.94,0,17,26,32,199
1,-4.43,1.02,-7.18,0,17,26,32,285
1,-4.35,0.90,-6.90,0,17,26,32,355
1,-4.39,0.75,-6.90,0,17,26,32,428
1,-4.28,0.90,-6.90,0,17,26,32,498
1,-4.35,0.82,-6.94,0,17,26,32,572
1,-4.24,0.86,-6.90,0,17,26,32,644
1,-4.31,0.90,-6.98,0,17,26,32,712
1,-4.24,0.75,-7.02,0,17,26,32,781
1,-4.55,0.71,-6.90,0,17,26,32,851
1,-4.24,0.86,-7.02,0,17,26,32,927
1,-4.35,0.78,-6.94,0,17,26,32,996
1,-4.43,0.82,-6.79,0,17,26,33,86
1,-4.28,0.94,-7.10,0,17,26,33,159
1,-4.51,0.71,-6.90,0,17,26,33,227
1,-4.31,0.94,-7.10,0,17,26,33,295
1,-4.31,0.86,-7.02,0,17,26,33,365
1,-4.28,0.82,-6.94,0,17,26,33,434
1,-4.31,0.86,-7.02,0,17,26,33,505
1,-4.39,0.71,-6.94,0,17,26,33,574
1,-4.43,0.86,-6.86,0,17,26,33,710
1,-4.43,0.98,-7.14,0,17,26,33,778
1,-4.47,0.63,-6.86,0,17,26,33,847
1,-4.28,1.02,-6.79,0,17,26,33,918
1,-4.31,0.90,-6.90,0,17,26,33,988
1,-4.28,0.90,-7.10,0,17,26,34,56
1,-4.47,0.86,-6.86,0,17,26,34,128
1,-4.39,0.86,-7.02,0,17,26,34,198
1,-4.35,0.94,-6.98,0,17,26,34,266
1,-4.35,0.82,-6.86,0,17,26,34,336
1,-4.47,0.94,-6.86,0,17,26,34,405
1,-4.28,0.78,-6.94,0,17,26,34,486
1,-4.43,0.98,-7.02,0,17,26,34,555
1,-4.31,0.63,-6.67,0,17,26,34,624
1,-4.35,0.94,-7.06,0,17,26,34,694
1,-4.35,0.82,-7.14,0,17,26,34,764
1,-4.47,0.86,-6.86,0,17,26,34,833
1,-4.24,0.90,-6.94,0,17,26,34,904
1,-4.39,0.90,-7.06,0,17,26,34,981
1,-4.31,0.86,-6.98,0,17,26,35,50
1,-4.39,0.78,-6.90,0,17,26,35,119
1,-4.39,0.78,-6.94,0,17,26,35,208
1,-4.28,0.71,-6.94,0,17,26,35,296
1,-4.35,0.90,-7.02,0,17,26,35,364
1,-4.43,0.90,-6.94,0,17,26,35,435
1,-4.35,0.75,-6.94,0,17,26,35,570
1,-4.35,0.82,-6.94,0,17,26,35,638
1,-4.31,0.86,-6.94,0,17,26,35,706
1,-4.43,0.90,-6.98,0,17,26,35,774
1,-4.35,0.94,-7.10,0,17,26,35,843
1,-4.35,0.86,-6.90,0,17,26,35,912
1,-4.39,0.78,-6.79,0,17,26,35,985
1,-4.35,0.78,-6.94,0,17,26,36,60
1,-4.35,0.98,-6.98,0,17,26,36,130
1,-4.43,0.82,-6.98,0,17,26,36,202
1,-4.31,0.98,-6.90,0,17,26,36,270
1,-4.39,0.98,-6.90,0,17,26,36,345
1,-4.39,0.90,-7.02,0,17,26,36,416
1,-4.47,0.82,-6.94,0,17,26,36,484
1,-4.31,0.90,-6.90,0,17,26,36,552
1,-4.39,0.86,-6.75,0,17,26,36,622
1,-4.31,0.94,-6.98,0,17,26,36,690
1,-4.43,0.90,-7.10,0,17,26,36,764
1,-4.24,0.90,-7.06,0,17,26,36,832
1,-4.51,0.90,-6.90,0,17,26,36,902
1,-4.47,0.90,-7.06,0,17,26,36,970
1,-4.16,0.94,-6.83,0,17,26,37,41
1,-4.39,0.98,-6.75,0,17,26,37,110
1,-4.28,1.02,-7.06,0,17,26,37,180
1,-4.47,0.98,-6.94,0,17,26,37,250
1,-4.31,0.94,-7.18,0,17,26,37,319
1,-4.31,1.02,-7.02,0,17,26,37,391
1,-4.16,1.02,-6.86,0,17,26,37,461
1,-4.31,0.78,-6.94,0,17,26,37,532
1,-4.35,0.94,-7.14,0,17,26,37,617
1,-4.35,0.98,-7.06,0,17,26,37,688
1,-4.31,0.90,-7.02,0,17,26,37,763
1,-4.39,0.94,-6.83,0,17,26,37,831
1,-4.43,0.82,-6.90,0,17,26,37,905
1,-4.35,0.90,-6.98,0,17,26,37,974
1,-4.51,0.98,-7.10,0,17,26,38,46
1,-4.35,0.94,-6.90,0,17,26,38,113
1,-4.39,0.98,-6.90,0,17,26,38,181
1,-4.55,0.82,-6.90,0,17,26,38,272
1,-4.35,0.98,-7.06,0,17,26,38,340
1,-4.35,0.94,-6.98,0,17,26,38,411
1,-4.43,0.86,-6.79,0,17,26,38,479
1,-4.47,0.94,-6.98,0,17,26,38,549
1,-4.47,0.82,-6.94,0,17,26,38,619
1,-4.39,0.82,-6.94,0,17,26,38,689
1,-4.43,0.75,-6.86,0,17,26,38,760
1,-4.43,0.94,-6.90,0,17,26,38,828
1,-4.51,0.59,-6.83,0,17,26,38,899
1,-4.28,0.94,-6.94,0,17,26,38,968
1,-4.43,0.82,-6.90,0,17,26,39,43
1,-4.51,0.78,-6.83,0,17,26,39,116
1,-4.39,1.06,-7.02,0,17,26,39,185
1,-4.47,0.90,-6.94,0,17,26,39,256
1,-4.35,0.90,-6.90,0,17,26,39,326
1,-4.39,0.94,-6.83,0,17,26,39,399
1,-4.47,0.94,-6.79,0,17,26,39,468
1,-4.39,0.90,-6.83,0,17,26,39,538
1,-4.51,0.82,-6.86,0,17,26,39,609
1,-4.31,0.90,-6.98,0,17,26,39,679
1,-4.35,0.75,-6.94,0,17,26,39,758
1,-4.35,0.90,-6.94,0,17,26,39,828
1,-4.43,0.94,-6.98,0,17,26,39,895
1,-4.35,0.82,-6.98,0,17,26,39,965
1,-4.31,0.86,-7.02,0,17,26,40,35
1,-4.31,0.82,-6.94,0,17,26,40,109
1,-4.28,0.86,-6.98,0,17,26,40,180
1,-4.35,0.86,-6.94,0,17,26,40,251
1,-4.35,0.78,-7.02,0,17,26,40,320
1,-4.31,0.94,-6.94,0,17,26,40,388
1,-4.31,0.86,-6.98,0,17,26,40,456
1,-4.24,0.82,-6.94,0,17,26,40,527
1,-4.47,0.90,-6.90,0,17,26,40,595
1,-4.24,0.86,-7.02,0,17,26,40,666
1,-4.35,0.82,-6.94,0,17,26,40,735
1,-4.43,0.82,-6.83,0,17,26,40,807
1,-4.28,0.86,-6.98,0,17,26,40,885
1,-4.39,0.90,-6.94,0,17,26,40,954
1,-4.35,0.90,-6.94,0,17,26,41,23
1,-4.43,0.82,-6.90,0,17,26,41,94
1,-4.39,0.75,-7.10,0,17,26,41,165
1,-4.31,0.82,-7.06,0,17,26,41,259
1,-4.43,0.82,-6.86,0,17,26,41,328
1,-4.31,0.86,-6.90,0,17,26,41,399
1,-4.55,0.94,-7.06,0,17,26,41,519
1,-4.39,0.90,-6.83,0,17,26,41,588
1,-4.35,0.90,-6.94,0,17,26,41,659
1,-4.31,0.86,-6.86,0,17,26,41,728
1,-4.47,0.78,-6.83,0,17,26,41,800
1,-4.31,0.86,-7.02,0,17,26,41,869
1,-4.43,0.86,-6.86,0,17,26,41,942
1,-4.51,0.94,-6.79,0,17,26,42,12
1,-4.35,0.90,-6.79,0,17,26,42,83
1,-4.39,0.90,-6.90,0,17,26,42,154
1,-4.43,0.94,-6.98,0,17,26,42,223
1,-4.31,0.94,-7.02,0,17,26,42,293
1,-4.39,0.86,-6.90,0,17,26,42,361
1,-4.39,0.90,-7.06,0,17,26,42,429
1,-4.39,0.86,-6.94,0,17,26,42,501
1,-4.20,0.98,-6.94,0,17,26,42,570
1,-4.31,0.75,-6.98,0,17,26,42,643
1,-4.31,0.86,-6.98,0,17,26,42,733
1,-4.20,0.90,-6.98,0,17,26,42,908
1,-4.28,0.86,-6.98,0,17,26,42,979
1,-4.24,0.82,-6.98,0,17,26,43,51
1,-4.43,0.90,-6.83,0,17,26,43,119
1,-4.35,0.90,-7.14,0,17,26,43,188
1,-4.39,0.82,-6.98,0,17,26,43,255
1,-4.28,1.02,-6.98,0,17,26,43,327
1,-4.35,0.78,-6.98,0,17,26,43,398
1,-4.39,0.82,-6.90,0,17,26,43,467
1,-4.39,0.94,-6.94,0,17,26,43,536
1,-4.43,0.78,-6.98,0,17,26,43,604
1,-4.39,0.86,-6.98,0,17,26,43,674
1,-4.39,0.86,-6.83,0,17,26,43,742
1,-4.31,0.86,-6.86,0,17,26,43,814
1,-4.47,0.82,-6.90,0,17,26,43,884
1,-4.47,0.86,-6.90,0,17,26,43,953
1,-4.39,0.86,-6.83,0,17,26,44,23
1,-4.35,0.98,-6.94,0,17,26,44,91
1,-4.51,0.78,-7.06,0,17,26,44,170
1,-4.39,0.86,-6.94,0,17,26,44,242
1,-4.35,0.98,-6.94,0,17,26,44,311
1,-4.28,0.78,-6.71,0,17,26,44,386
1,-4.31,0.94,-6.98,0,17,26,44,460
1,-4.47,1.02,-7.14,0,17,26,44,529
1,-4.28,0.94,-7.22,0,17,26,44,617
1,-4.59,0.82,-6.75,0,17,26,44,698
1,-4.39,0.86,-6.67,0,17,26,44,781
1,-4.59,1.02,-6.79,0,17,26,44,849
1,-4.55,0.90,-7.14,0,17,26,44,917
1,-4.39,0.82,-7.34,0,17,26,44,985
1,-4.28,0.78,-6.98,0,17,26,45,54
1,-4.20,0.75,-6.86,0,17,26,45,123
1,-4.55,0.82,-6.71,0,17,26,45,190
1,-4.43,0.90,-6.86,0,17,26,45,262
1,-4.39,0.82,-6.71,0,17,26,45,332
1,-4.24,0.90,-7.26,0,17,26,45,402
1,-3.84,0.75,-7.45,0,17,26,45,470
1,-4.12,0.75,-7.06,0,17,26,45,539
1,-4.28,0.90,-6.90,0,17,26,45,607
1,-4.51,1.02,-6.90,0,17,26,45,677
1,-4.47,0.71,-6.98,0,17,26,45,746
1,-4.35,0.90,-7.02,0,17,26,45,830
1,-4.51,0.98,-6.86,0,17,26,45,899
1,-4.51,0.86,-6.94,0,17,26,45,969
1,-4.43,0.90,-6.94,0,17,26,46,38
1,-4.63,0.94,-6.79,0,17,26,46,107
1,-4.51,0.90,-6.90,0,17,26,46,176
1,-4.55,0.78,-6.71,0,17,26,46,248
1,-4.47,0.86,-6.86,0,17,26,46,318
1,-4.35,1.02,-6.79,0,17,26,46,387
1,-4.43,1.06,-6.75,0,17,26,46,456
1,-4.55,1.10,-6.75,0,17,26,46,527
1,-4.39,1.65,-6.24,0,17,26,46,599
1,-5.84,1.57,-5.92,0,17,26,46,669
1,-4.71,2.67,-6.94,0,17,26,46,738
1,-5.02,1.65,-6.32,0,17,26,46,811
1,-4.63,1.96,-7.81,0,17,26,46,880
1,-4.08,0.78,-6.75,0,17,26,46,953
1,-5.22,-0.16,-7.18,0,17,26,47,22
1,-2.98,1.14,-6.67,0,17,26,47,90
1,-3.61,0.12,-6.98,0,17,26,47,161
1,-4.16,-0.71,-7.41,0,17,26,47,230
1,-3.77,-0.31,-7.73,0,17,26,47,302
1,-3.73,-0.27,-6.55,0,17,26,47,368
1,-3.06,1.14,-7.37,0,17,26,47,436
1,-3.61,0.12,-7.49,0,17,26,47,506
1,-3.37,0.90,-7.18,0,17,26,47,575
1,-3.18,1.37,-6.98,0,17,26,47,644
1,-3.57,1.06,-6.79,0,17,26,47,713
1,-3.10,1.84,-6.75,0,17,26,47,782
1,-3.30,2.39,-7.92,0,17,26,47,851
1,-2.35,2.79,-8.59,0,17,26,47,922
1,-2.63,3.18,-7.02,0,17,26,47,991
1,-3.14,4.00,-6.90,0,17,26,48,60
1,-2.43,3.57,-7.53,0,17,26,48,130
1,-2.79,3.92,-6.67,0,17,26,48,210
1,-3.06,3.26,-7.69,0,17,26,48,280
1,-2.71,3.02,-7.77,0,17,26,48,350
1,-2.90,2.94,-7.88,0,17,26,48,419
1,-3.22,4.31,-6.51,0,17,26,48,492
1,-3.41,1.77,-8.28,0,17,26,48,566
1,-1.61,3.92,-7.65,0,17,26,48,637
1,-3.61,3.14,-6.12,0,17,26,48,705
1,-3.73,0.82,-7.26,0,17,26,48,775
1,-3.26,1.84,-7.57,0,17,26,48,845
1,-3.65,2.04,-7.73,0,17,26,48,927
1,-3.33,2.51,-8.16,0,17,26,48,995
1,-3.02,0.94,-7.53,0,17,26,49,63
1,-3.65,1.73,-7.30,0,17,26,49,131
1,-3.88,1.80,-6.39,0,17,26,49,200
1,-4.55,0.82,-5.61,0,17,26,49,268
1,-5.10,-0.35,-4.94,0,17,26,49,343
1,-5.88,-1.26,-5.45,0,17,26,49,412
1,-5.92,-1.65,-5.10,0,17,26,49,484
1,-7.22,-0.75,-4.39,0,17,26,49,556
1,-5.65,-2.12,-4.59,0,17,26,49,625
1,-6.51,-2.51,-4.79,0,17,26,49,693
1,-5.49,-3.61,-4.24,0,17,26,49,765
1,-5.53,-4.47,-4.90,0,17,26,49,845
1,-4.24,-5.22,-5.02,0,17,26,49,914
1,-4.82,-6.35,-5.18,0,17,26,49,989
1,-4.24,-5.37,-5.14,0,17,26,50,60
1,-3.57,-5.22,-5.77,0,17,26,50,129
1,-3.37,-5.26,-6.08,0,17,26,50,200
1,-3.45,-5.14,-5.77,0,17,26,50,277
1,-3.02,-4.55,-5.33,0,17,26,50,348
1,-2.79,-3.41,-6.16,0,17,26,50,421
1,-3.06,-4.28,-6.98,0,17,26,50,499
1,-4.24,-4.55,-7.69,0,17,26,50,579
1,-2.82,-5.53,-6.71,0,17,26,50,668
1,-2.67,-4.31,-4.82,0,17,26,50,764
1,-2.55,-3.65,-4.71,0,17,26,50,833
1,-2.90,-4.16,-5.73,0,17,26,50,902
1,-2.86,-3.65,-6.83,0,17,26,50,972
1,-4.04,-2.43,-7.92,0,17,26,51,41
1,-2.55,-4.24,-6.79,0,17,26,51,109
1,-2.00,-4.31,-7.02,0,17,26,51,179
1,-2.75,-3.77,-6.35,0,17,26,51,252
1,-3.14,-5.65,-6.43,0,17,26,51,320
1,-3.73,-4.90,-5.10,0,17,26,51,388
1,-4.31,-4.00,-4.67,0,17,26,51,460
1,-4.04,-4.04,-5.30,0,17,26,51,528
1,-4.28,-4.86,-5.22,0,17,26,51,597
1,-3.88,-4.08,-4.71,0,17,26,51,666
1,-3.41,-4.59,-5.10,0,17,26,51,736
1,-3.80,-5.37,-5.41,0,17,26,51,806
1,-2.79,-5.69,-5.53,0,17,26,51,875
1,-3.49,-4.90,-5.26,0,17,26,51,945
1,-3.37,-4.43,-5.69,0,17,26,52,15
1,-4.12,-4.39,-5.81,0,17,26,52,82
1,-4.43,-4.47,-5.14,0,17,26,52,150
1,-6.43,-5.49,-3.84,0,17,26,52,219
1,-3.49,-4.94,-5.10,0,17,26,52,288
1,-4.79,-4.75,-5.14,0,17,26,52,355
1,-3.41,-5.18,-6.20,0,17,26,52,423
1,-4.59,-6.39,-6.12,0,17,26,52,491
1,-1.88,-5.96,-7.02,0,17,26,52,560
1,-3.22,-5.06,-5.26,0,17,26,52,630
1,-1.18,-5.77,-5.84,0,17,26,52,699
1,-2.82,-5.30,-6.08,0,17,26,52,767
1,-2.51,-4.51,-6.39,0,17,26,52,836
1,-3.10,-4.16,-5.30,0,17,26,52,908
1,-2.55,-4.75,-5.57,0,17,26,52,979
1,-3.61,-4.00,-5.22,0,17,26,53,49
1,-3.02,-4.67,-6.08,0,17,26,53,118
1,-4.94,-3.77,-7.45,0,17,26,53,185
1,-3.77,-4.08,-5.65,0,17,26,53,253
1,-2.67,-6.32,-6.94,0,17,26,53,322
1,-2.08,-3.92,-6.83,0,17,26,53,390
1,-2.86,-4.39,-7.73,0,17,26,53,459
1,-3.22,-4.31,-4.67,0,17,26,53,528
1,-3.80,-5.18,-3.84,0,17,26,53,597
1,-1.84,-5.06,-3.61,0,17,26,53,666
1,-3.26,-5.57,-4.82,0,17,26,53,736
1,-4.51,-5.10,-4.63,0,17,26,53,804
1,-4.12,-4.20,-4.94,0,17,26,53,877
1,-4.90,-4.00,-5.06,0,17,26,53,946
1,-4.35,-4.00,-6.20,0,17,26,54,16
1,-4.04,-4.63,-7.18,0,17,26,54,87
1,-5.22,-3.53,-6.39,0,17,26,54,154
1,-4.47,-3.57,-6.71,0,17,26,54,224
1,-3.41,-4.08,-6.59,0,17,26,54,293
1,-4.20,-3.73,-6.39,0,17,26,54,364
1,-4.00,-3.57,-5.77,0,17,26,54,433
1,-3.30,-3.77,-6.12,0,17,26,54,501
1,-3.53,-1.49,-5.92,0,17,26,54,570
1,-5.26,-2.39,-5.81,0,17,26,54,639
1,-2.43,-3.22,-7.02,0,17,26,54,710
1,-2.90,-2.35,-6.86,0,17,26,54,779
1,-3.49,-1.41,-7.77,0,17,26,54,848
1,-3.18,-2.63,-6.94,0,17,26,54,917
1,-3.37,-2.79,-6.47,0,17,26,54,987
1,-3.73,-2.12,-6.71,0,17,26,55,56
1,-3.80,-1.57,-6.98,0,17,26,55,125
1,-3.06,-1.10,-7.61,0,17,26,55,201
1,-3.88,-0.75,-7.18,0,17,26,55,271
1,-4.51,-1.57,-7.06,0,17,26,55,340
1,-2.67,-1.61,-6.47,0,17,26,55,410
1,-2.55,-2.86,-5.61,0,17,26,55,477
1,-1.77,-2.35,-8.36,0,17,26,55,546
1,-2.08,-1.92,-8.28,0,17,26,55,616
1,-2.51,-0.90,-7.96,0,17,26,55,685
1,-3.02,-0.16,-7.14,0,17,26,55,754
1,-3.02,-0.67,-7.65,0,17,26,55,823
1,-2.63,-0.82,-7.53,0,17,26,55,891
1,-3.26,-0.39,-7.37,0,17,26,55,962
1,-3.37,-0.78,-7.57,0,17,26,56,30
1,-1.92,-1.41,-10.67,0,17,26,56,100
1,-2.16,1.33,-8.12,0,17,26,56,174
1,-5.18,-2.79,-9.96,0,17,26,56,242
1,-2.86,0.75,-8.28,0,17,26,56,311
1,-3.06,0.39,-7.26,0,17,26,56,379
1,-3.61,-1.10,-7.26,0,17,26,56,450
1,-2.90,0.24,-7.34,0,17,26,56,520
1,-3.26,-0.47,-7.41,0,17,26,56,589
1,-3.65,-0.59,-7.18,0,17,26,56,658
1,-3.37,0.16,-7.10,0,17,26,56,727
1,-3.49,-0.47,-7.37,0,17,26,56,797
1,-3.80,-0.20,-7.37,0,17,26,56,864
1,-3.06,-0.31,-7.41,0,17,26,56,945
1,-3.14,-0.16,-7.18,0,17,26,57,15
1,-3.53,-0.86,-7.45,0,17,26,57,84
1,-3.33,-0.75,-7.10,0,17,26,57,176
1,-3.45,-0.43,-7.30,0,17,26,57,281
1,-3.69,-0.63,-7.45,0,17,26,57,350
1,-3.53,-1.33,-7.34,0,17,26,57,421
1,-3.61,-0.59,-6.90,0,17,26,57,490
1,-3.84,-0.63,-7.22,0,17,26,57,558
1,-3.73,-0.75,-6.79,0,17,26,57,627
1,-3.80,0.12,-7.61,0,17,26,57,697
1,-3.41,-0.20,-7.10,0,17,26,57,766
1,-3.80,0.04,-6.98,0,17,26,57,835
1,-3.80,0.71,-7.22,0,17,26,57,910
1,-4.00,0.35,-7.26,0,17,26,57,979
1,-4.28,0.04,-6.67,0,17,26,58,47
1,-3.80,0.12,-6.98,0,17,26,58,116
1,-4.00,0.20,-7.02,0,17,26,58,185
1,-4.43,0.04,-7.10,0,17,26,58,256
1,-4.16,0.12,-6.83,0,17,26,58,323
1,-4.59,0.20,-7.06,0,17,26,58,393
1,-4.24,-0.43,-7.65,0,17,26,58,461
1,-3.57,-0.04,-7.45,0,17,26,58,528
1,-3.41,-1.14,-7.10,0,17,26,58,597
1,-3.73,-0.39,-8.24,0,17,26,58,664
1,-3.18,0.04,-7.06,0,17,26,58,734
1,-3.53,-1.26,-7.30,0,17,26,58,806
1,-3.33,-0.16,-6.83,0,17,26,58,878
1,-3.73,0.04,-7.61,0,17,26,58,947
1,-3.77,-1.10,-5.88,0,17,26,59,15
1,-3.73,0.00,-7.18,0,17,26,59,87
1,-4.12,-0.94,-7.06,0,17,26,59,158
1,-3.73,-0.31,-6.71,0,17,26,59,235
1,-3.61,0.00,-6.98,0,17,26,59,305
1,-3.80,0.39,-7.53,0,17,26,59,374
1,-3.22,1.77,-7.96,0,17,26,59,443
1,-3.06,1.14,-7.41,0,17,26,59,519
1,-3.06,0.27,-6.94,0,17,26,59,588
1,-2.51,2.55,-7.14,0,17,26,59,657
1,-3.53,0.82,-6.51,0,17,26,59,727
1,-2.98,2.90,-7.65,0,17,26,59,797
1,-3.18,2.12,-8.04,0,17,26,59,865
1,-3.41,2.16,-8.08,0,17,26,59,934
1,-2.24,2.28,-6.83,0,17,27,0,17
1,-3.26,0.47,-7.26,0,17,27,0,85
1,-2.51,3.22,-7.26,0,17,27,0,156
1,-2.90,1.57,-7.26,0,17,27,0,225
1,-3.26,1.80,-7.10,0,17,27,0,297
1,-2.67,2.75,-7.30,0,17,27,0,365
1,-2.90,1.29,-7.34,0,17,27,0,433
1,-2.51,1.73,-7.22,0,17,27,0,502
1,-2.94,1.69,-7.73,0,17,27,0,573
1,-2.63,1.88,-8.71,0,17,27,0,640
1,-3.33,3.45,-8.08,0,17,27,0,709
1,-2.47,2.39,-6.83,0,17,27,0,778
1,-0.98,2.20,-7.45,0,17,27,0,847
1,-3.33,2.98,-7.53,0,17,27,0,915
1,-2.94,2.86,-6.59,0,17,27,0,984
1,-2.82,2.90,-7.41,0,17,27,1,58
1,-3.57,3.30,-6.63,0,17,27,1,127
1,-3.88,3.41,-7.06,0,17,27,1,197
1,-4.20,2.98,-6.67,0,17,27,1,265
1,-4.08,3.61,-6.20,0,17,27,1,336
1,-3.77,3.26,-6.86,0,17,27,1,405
1,-3.69,2.47,-6.79,0,17,27,1,474
1,-3.14,3.22,-6.08,0,17,27,1,543
1,-3.88,2.90,-6.51,0,17,27,1,613
1,-4.04,3.30,-7.37,0,17,27,1,682
1,-4.43,2.86,-6.20,0,17,27,1,750
1,-4.31,3.80,-6.94,0,17,27,1,823
1,-3.18,5.10,-7.30,0,17,27,1,893
1,-2.94,3.69,-6.90,0,17,27,1,972
1,-3.61,4.35,-7.02,0,17,27,2,42
1,-3.02,3.14,-7.26,0,17,27,2,111
1,-3.10,2.82,-6.51,0,17,27,2,179
1,-3.77,3.02,-6.28,0,17,27,2,247
1,-3.61,3.26,-7.37,0,17,27,2,315
1,-3.73,3.30,-6.63,0,17,27,2,383
1,-3.80,2.43,-6.90,0,17,27,2,452
1,-3.53,2.43,-6.75,0,17,27,2,521
1,-3.96,3.41,-6.47,0,17,27,2,594
1,-4.90,2.47,-7.85,0,17,27,2,663
1,-3.73,2.94,-6.43,0,17,27,2,732
1,-3.84,3.57,-6.79,0,17,27,2,801
1,-4.16,3.26,-7.02,0,17,27,2,870
1,-3.69,2.35,-6.98,0,17,27,2,941
1,-4.16,2.28,-6.47,0,17,27,3,9
1,-4.94,3.14,-6.71,0,17,27,3,78
1,-3.88,2.98,-6.83,0,17,27,3,146
1,-3.80,2.90,-6.08,0,17,27,3,216
1,-4.47,1.84,-6.67,0,17,27,3,285
1,-4.35,2.43,-7.26,0,17,27,3,353
1,-4.63,2.43,-6.39,0,17,27,3,423
1,-4.82,2.51,-6.55,0,17,27,3,491
1,-4.98,3.69,-6.67,0,17,27,3,560
1,-4.94,3.10,-6.35,0,17,27,3,628
1,-5.06,2.59,-5.81,0,17,27,3,696
1,-4.71,2.55,-6.55,0,17,27,3,764
1,-5.02,2.43,-5.96,0,17,27,3,839
1,-4.82,2.98,-6.43,0,17,27,3,916
1,-4.28,3.84,-6.16,0,17,27,3,986
1,-4.51,2.55,-6.63,0,17,27,4,55
1,-3.18,2.00,-6.71,0,17,27,4,124
1,-4.47,4.16,-7.53,0,17,27,4,193
1,-3.18,3.77,-7.06,0,17,27,4,261
1,-3.61,3.57,-7.06,0,17,27,4,328
1,-3.10,4.08,-6.83,0,17,27,4,398
1,-2.39,2.79,-6.04,0,17,27,4,467
1,-3.26,4.39,-6.90,0,17,27,4,540
1,-2.04,5.18,-6.79,0,17,27,4,610
1,-2.63,3.65,-7.22,0,17,27,4,678
1,-2.98,4.71,-7.41,0,17,27,4,745
1,-2.63,3.96,-7.10,0,17,27,4,814
1,-2.47,3.65,-6.75,0,17,27,4,883
1,-2.04,4.08,-7.37,0,17,27,4,952
1,-2.51,3.69,-7.30,0,17,27,5,22
1,-2.47,4.04,-7.10,0,17,27,5,90
1,-1.92,3.84,-6.98,0,17,27,5,170
1,-2.47,3.77,-7.45,0,17,27,5,239
1,-2.51,3.77,-6.98,0,17,27,5,306
1,-2.55,4.08,-7.49,0,17,27,5,374
1,-2.20,3.88,-6.75,0,17,27,5,446
1,-2.39,3.84,-7.37,0,17,27,5,517
1,-2.51,3.88,-7.30,0,17,27,5,601
1,-2.20,3.84,-7.30,0,17,27,5,670
1,-2.39,4.00,-7.22,0,17,27,5,738
1,-2.28,3.73,-7.10,0,17,27,5,811
1,-2.20,3.65,-7.30,0,17,27,5,881
1,-2.35,3.61,-7.14,0,17,27,5,958
1,-2.24,3.77,-7.18,0,17,27,6,38
1,-2.55,3.65,-7.37,0,17,27,6,108
1,-2.51,3.92,-6.83,0,17,27,6,180
1,-2.24,4.20,-6.51,0,17,27,6,250

