1,-3.96,0.27,-7.10,0,17,25,37,193
1,-3.96,0.39,-6.94,0,17,25,38,262
1,-4.00,0.39,-7.10,0,17,25,39,333
1,-3.88,0.27,-7.10,0,17,25,40,406
1,-3.96,0.31,-6.94,0,17,25,41,474
1,-3.92,0.27,-7.06,0,17,25,42,544
1,-4.04,0.35,-6.63,0,17,25,43,614
1,-3.96,0.16,-6.79,0,17,25,44,684
1,-3.84,0.27,-8.04,0,17,25,45,754
1,-3.80,0.51,-6.86,0,17,25,46,822
1,-3.84,1.02,-6.67,0,17,25,47,891
1,-3.80,0.63,-7.77,0,17,25,48,962
1,-3.92,0.47,-7.34,0,17,25,49,31
1,-3.61,0.59,-6.98,0,17,25,50,99
1,-3.73,0.35,-7.02,0,17,25,51,179
1,-3.84,0.51,-7.10,0,17,25,52,250
1,-4.00,0.67,-7.45,0,17,25,53,318
1,-3.88,0.12,-7.49,0,17,25,54,396
1,-3.88,0.82,-5.45,0,17,25,55,582
1,-3.69,0.35,-7.57,0,17,25,55,650
1,-3.96,0.90,-7.65,0,17,25,55,857
1,-3.41,0.24,-6.67,0,17,25,56,54
1,-3.96,0.00,-6.63,0,17,25,56,191
1,-3.92,0.39,-6.71,0,17,25,56,261
1,-4.20,-0.24,-6.47,0,17,25,56,453
1,-3.45,0.08,-7.14,0,17,25,56,633
1,-3.88,-0.08,-7.53,0,17,25,56,799
1,-4.00,-0.08,-6.86,0,17,25,56,866
1,-3.88,-0.47,-6.90,0,17,25,57,42
1,-2.59,-0.35,-7.14,0,17,25,57,222
1,-3.80,0.31,-7.10,0,17,25,57,293
1,-3.49,-0.04,-7.14,0,17,25,57,452
1,-4.04,-0.04,-7.53,0,17,25,57,629
1,-3.88,0.43,-7.10,0,17,25,57,700
1,-4.12,0.71,-7.88,0,17,25,57,861
1,-3.80,0.78,-6.67,0,17,25,57,930
1,-3.96,0.59,-7.14,0,17,25,57,998
1,-4.08,0.43,-7.14,0,17,25,58,67
1,-3.80,0.55,-6.90,0,17,25,58,136
1,-3.80,0.63,-7.02,0,17,25,58,205
1,-3.96,0.71,-7.26,0,17,25,58,274
1,-4.39,0.55,-6.90,0,17,25,58,343
1,-4.08,0.24,-7.18,0,17,25,58,410
1,-4.12,0.47,-7.06,0,17,25,58,482
1,-3.96,0.51,-7.30,0,17,25,58,552
1,-3.88,0.43,-7.34,0,17,25,58,622
1,-3.80,0.55,-7.06,0,17,25,58,690
1,-3.96,0.43,-7.06,0,17,25,58,758
1,-3.69,0.39,-6.75,0,17,25,58,827
1,-3.96,0.16,-7.49,0,17,25,58,896
1,-3.84,0.67,-6.86,0,17,25,58,965
1,-3.73,0.20,-7.73,0,17,25,59,38
1,-4.00,-0.08,-7.34,0,17,25,59,108
1,-4.00,0.43,-6.39,0,17,25,59,193
1,-3.92,0.31,-7.34,0,17,25,59,263
1,-4.08,0.16,-7.45,0,17,25,59,330
1,-3.77,0.47,-7.34,0,17,25,59,401
1,-3.61,0.27,-6.71,0,17,25,59,468
1,-3.73,0.67,-7.41,0,17,25,59,552
1,-4.86,1.26,-6.83,0,17,25,59,621
1,-4.31,0.98,-7.26,0,17,25,59,691
1,-4.90,0.78,-6.59,0,17,25,59,760
1,-4.20,0.71,-6.98,0,17,25,59,828
1,-4.47,1.41,-6.32,0,17,25,59,898
1,-5.06,1.77,-6.79,0,17,25,59,967
1,-5.49,1.53,-6.51,0,17,26,0,35
1,-6.08,2.51,-6.71,0,17,26,0,106
1,-4.94,1.49,-6.51,0,17,26,0,184
1,-5.77,1.80,-5.30,0,17,26,0,252
1,-5.22,1.73,-5.69,0,17,26,0,322
1,-5.33,0.94,-6.75,0,17,26,0,391
1,-5.33,1.49,-6.55,0,17,26,0,463
1,-5.22,1.29,-6.59,0,17,26,0,535
1,-4.75,1.33,-7.06,0,17,26,0,605
1,-5.18,1.57,-6.63,0,17,26,0,677
1,-4.63,1.61,-6.90,0,17,26,0,746
1,-4.55,1.37,-6.39,0,17,26,0,815
1,-4.24,1.29,-6.79,0,17,26,0,883
1,-4.16,1.33,-7.14,0,17,26,0,952
1,-4.39,1.14,-7.53,0,17,26,1,20
1,-4.04,1.41,-6.75,0,17,26,1,89
1,-4.16,1.41,-7.96,0,17,26,1,157
1,-4.31,1.77,-7.85,0,17,26,1,235
1,-4.08,1.92,-6.86,0,17,26,1,305
1,-3.92,1.88,-6.83,0,17,26,1,373
1,-4.08,1.80,-6.63,0,17,26,1,443
1,-3.96,1.88,-6.39,0,17,26,1,512
1,-4.20,1.84,-6.90,0,17,26,1,580
1,-4.86,2.31,-6.00,0,17,26,1,650
1,-4.47,2.08,-7.14,0,17,26,1,719
1,-4.39,1.96,-7.53,0,17,26,1,787
1,-4.47,1.92,-6.55,0,17,26,1,856
1,-4.39,2.12,-7.02,0,17,26,1,925
1,-4.59,1.88,-6.75,0,17,26,1,995
1,-4.79,1.77,-6.71,0,17,26,2,65
1,-5.06,1.57,-6.43,0,17,26,2,136
1,-4.86,1.69,-6.71,0,17,26,2,206
1,-4.71,1.33,-7.14,0,17,26,2,275
1,-5.02,1.69,-6.00,0,17,26,2,345
1,-5.02,1.61,-6.79,0,17,26,2,419
1,-5.18,1.57,-6.43,0,17,26,2,497
1,-5.02,1.57,-6.83,0,17,26,2,567
1,-4.98,1.33,-6.43,0,17,26,2,637
1,-5.02,1.18,-6.12,0,17,26,2,706
1,-4.67,1.61,-7.02,0,17,26,2,775
1,-4.71,1.41,-6.86,0,17,26,2,844
1,-4.71,1.45,-6.79,0,17,26,2,914
1,-4.31,0.59,-3.88,0,17,26,2,987
1,-4.75,1.14,-6.51,0,17,26,3,58
1,-4.55,1.37,-6.51,0,17,26,3,128
1,-4.67,1.69,-6.75,0,17,26,3,195
1,-4.75,1.49,-7.18,0,17,26,3,283
1,-4.63,1.65,-6.79,0,17,26,3,355
1,-4.94,1.49,-6.94,0,17,26,3,425
1,-5.10,1.14,-6.83,0,17,26,3,494
1,-4.71,1.26,-7.22,0,17,26,3,563
1,-4.94,1.22,-5.77,0,17,26,3,634
1,-4.35,1.61,-7.30,0,17,26,3,702
1,-4.55,1.33,-6.90,0,17,26,3,769
1,-4.79,1.41,-6.35,0,17,26,3,845
1,-4.94,1.33,-6.90,0,17,26,3,917
1,-4.90,1.41,-6.75,0,17,26,3,987
1,-4.47,1.41,-6.75,0,17,26,4,57
1,-4.71,1.26,-6.43,0,17,26,4,126
1,-4.63,1.65,-6.71,0,17,26,4,199
1,-4.82,1.53,-6.94,0,17,26,4,268
1,-4.86,1.41,-6.79,0,17,26,4,335
1,-4.86,1.37,-6.43,0,17,26,4,405
1,-4.63,1.45,-6.67,0,17,26,4,474
1,-4.98,1.49,-6.90,0,17,26,4,542
1,-4.71,1.53,-6.90,0,17,26,4,610
1,-4.75,1.53,-6.67,0,17,26,4,678
1,-4.59,1.73,-6.67,0,17,26,4,747
1,-4.39,1.77,-6.59,0,17,26,4,815
1,-4.35,1.96,-6.83,0,17,26,4,884
1,-3.88,2.28,-7.34,0,17,26,4,953
1,-3.96,2.12,-7.26,0,17,26,5,21
1,-3.65,2.08,-6.67,0,17,26,5,90
1,-3.61,2.20,-7.14,0,17,26,5,158
1,-4.08,1.84,-6.71,0,17,26,5,232
1,-4.43,0.90,-7.49,0,17,26,5,302
1,-4.04,1.29,-7.10,0,17,26,5,373
1,-4.20,1.88,-6.90,0,17,26,5,441
1,-4.24,1.37,-7.14,0,17,26,5,513
1,-3.69,0.67,-7.65,0,17,26,5,582
1,-3.18,0.43,-7.10,0,17,26,5,651
1,-4.67,0.47,-6.98,0,17,26,5,721
1,-3.61,-0.24,-7.49,0,17,26,5,791
1,-4.20,0.16,-7.14,0,17,26,5,901
1,-3.61,-0.67,-7.65,0,17,26,5,970
1,-3.33,0.08,-6.94,0,17,26,6,40
1,-3.18,0.98,-6.47,0,17,26,6,113
1,-3.37,0.00,-7.69,0,17,26,6,180
1,-3.45,-0.43,-7.45,0,17,26,6,249
1,-3.41,-0.39,-7.06,0,17,26,6,318
1,-3.41,0.16,-7.61,0,17,26,6,386
1,-3.26,-0.47,-7.26,0,17,26,6,455
1,-3.22,-0.67,-7.34,0,17,26,6,525
1,-3.49,-0.24,-7.34,0,17,26,6,593
1,-3.30,-0.59,-7.49,0,17,26,6,663
1,-3.57,-0.47,-6.83,0,17,26,6,731
1,-3.49,-0.78,-7.10,0,17,26,6,799
1,-3.61,-0.78,-7.10,0,17,26,6,868
1,-3.49,-0.55,-6.98,0,17,26,6,938
1,-3.61,-0.90,-7.14,0,17,26,7,7
1,-3.73,-1.65,-7.22,0,17,26,7,77
1,-3.69,-2.28,-7.18,0,17,26,7,146
1,-3.06,-1.02,-7.61,0,17,26,7,214
1,-2.12,-0.98,-7.69,0,17,26,7,283
1,-2.47,0.90,-7.30,0,17,26,7,352
1,-2.59,-0.08,-7.22,0,17,26,7,421
1,-2.98,-1.10,-7.34,0,17,26,7,489
1,-3.18,-1.10,-7.45,0,17,26,7,559
1,-3.37,-1.49,-6.94,0,17,26,7,628
1,-3.49,-3.10,-6.59,0,17,26,7,698
1,-3.45,-2.59,-6.67,0,17,26,7,769
1,-3.61,-2.55,-6.98,0,17,26,7,836
1,-3.84,-1.88,-6.67,0,17,26,7,905
1,-3.88,-2.24,-6.43,0,17,26,7,979
1,-3.53,-3.30,-6.90,0,17,26,8,50
1,-3.92,-2.51,-6.83,0,17,26,8,120
1,-3.53,-3.10,-6.67,0,17,26,8,189
1,-3.61,-2.90,-6.43,0,17,26,8,260
1,-3.73,-2.63,-6.43,0,17,26,8,330
1,-3.65,-2.98,-6.55,0,17,26,8,399
1,-3.73,-2.79,-6.75,0,17,26,8,469
1,-3.77,-2.90,-6.59,0,17,26,8,538
1,-3.65,-2.75,-6.47,0,17,26,8,606
1,-3.41,-2.59,-6.59,0,17,26,8,676
1,-3.14,-1.77,-6.90,0,17,26,8,746
1,-3.57,-2.79,-7.14,0,17,26,8,817
1,-3.73,-3.22,-6.83,0,17,26,8,886
1,-3.49,-2.59,-6.79,0,17,26,8,956
1,-3.57,-2.47,-6.67,0,17,26,9,24
1,-3.33,-2.39,-6.86,0,17,26,9,91
1,-4.00,-2.59,-6.00,0,17,26,9,161
1,-3.53,-2.51,-6.83,0,17,26,9,230
1,-3.88,-2.59,-6.63,0,17,26,9,308
1,-4.47,-2.75,-6.32,0,17,26,9,385
1,-3.80,-2.79,-6.59,0,17,26,9,455
1,-3.80,-2.12,-6.63,0,17,26,9,525
1,-4.04,-2.90,-6.67,0,17,26,9,596
1,-3.88,-2.67,-6.67,0,17,26,9,665
1,-3.57,-2.71,-6.79,0,17,26,9,734
1,-4.12,-2.59,-6.24,0,17,26,9,804
1,-3.53,-2.12,-6.32,0,17,26,9,872
1,-3.65,-2.24,-6.32,0,17,26,9,941
1,-3.53,-2.63,-6.71,0,17,26,10,9
1,-3.69,-2.12,-6.98,0,17,26,10,81
1,-3.96,-2.51,-6.75,0,17,26,10,151
1,-4.12,-2.59,-6.63,0,17,26,10,219
1,-3.84,-2.51,-6.67,0,17,26,10,304
1,-3.84,-2.43,-6.51,0,17,26,10,373
1,-3.88,-2.51,-6.55,0,17,26,10,441
1,-3.88,-2.43,-6.24,0,17,26,10,557
1,-4.28,-2.86,-6.63,0,17,26,10,627
1,-3.65,-2.31,-6.75,0,17,26,10,696
1,-3.61,-2.39,-6.94,0,17,26,10,765
1,-4.04,-2.59,-6.51,0,17,26,10,834
1,-3.88,-2.59,-6.55,0,17,26,10,905
1,-3.88,-2.59,-6.67,0,17,26,10,973
1,-3.80,-2.35,-6.35,0,17,26,11,44
1,-2.75,-2.28,-7.26,0,17,26,11,113
1,-4.75,-2.75,-6.83,0,17,26,11,181
1,-3.96,-2.43,-6.59,0,17,26,11,252
1,-4.16,-2.39,-6.55,0,17,26,11,319
1,-3.61,-2.39,-6.86,0,17,26,11,389
1,-4.12,-2.67,-6.55,0,17,26,11,459
1,-4.24,-2.20,-6.55,0,17,26,11,528
1,-4.08,-2.55,-6.83,0,17,26,11,597
1,-3.30,-1.92,-6.79,0,17,26,11,666
1,-3.41,-2.04,-6.79,0,17,26,11,738
1,-3.53,-2.82,-7.30,0,17,26,11,807
1,-4.04,-2.35,-6.63,0,17,26,11,876
1,-4.16,-2.63,-6.79,0,17,26,11,950
1,-3.65,-2.24,-6.83,0,17,26,12,19
1,-3.33,-2.20,-6.63,0,17,26,12,110
1,-3.65,-1.92,-6.94,0,17,26,12,180
1,-3.73,-1.92,-6.98,0,17,26,12,250
1,-3.96,-2.28,-6.86,0,17,26,12,327
1,-3.10,-1.80,-5.69,0,17,26,12,394
1,-4.16,-2.24,-6.83,0,17,26,12,463
1,-4.12,-2.08,-6.43,0,17,26,12,535
1,-4.90,-1.73,-5.88,0,17,26,12,603
1,-4.12,-2.16,-6.51,0,17,26,12,671
1,-4.20,-2.28,-6.83,0,17,26,12,741
1,-5.22,-1.80,-6.16,0,17,26,12,809
1,-4.63,-2.04,-6.35,0,17,26,12,878
1,-4.55,-2.24,-6.47,0,17,26,12,948
1,-4.39,-2.08,-6.47,0,17,26,13,19
1,-4.79,-2.24,-6.32,0,17,26,13,89
1,-4.71,-2.24,-6.35,0,17,26,13,157
1,-4.82,-2.90,-6.39,0,17,26,13,235
1,-5.69,-2.55,-5.49,0,17,26,13,308
1,-5.02,-2.39,-6.20,0,17,26,13,378
1,-4.67,-2.31,-6.35,0,17,26,13,452
1,-5.02,-2.16,-6.16,0,17,26,13,522
1,-4.75,-0.94,-5.37,0,17,26,13,592
1,-4.28,-1.18,-6.59,0,17,26,13,661
1,-5.53,-2.55,-6.24,0,17,26,13,730
1,-3.80,-1.57,-7.18,0,17,26,13,798
1,-4.79,-2.39,-6.28,0,17,26,13,867
1,-5.10,-2.47,-6.04,0,17,26,13,935
1,-7.02,-1.57,-5.18,0,17,26,14,6
1,-7.73,-0.82,-4.75,0,17,26,14,75
1,-6.35,-5.06,-6.75,0,17,26,14,144
1,-7.10,-4.82,-7.18,0,17,26,14,211
1,-2.55,-1.33,-3.37,0,17,26,14,282
1,-3.22,0.08,-3.18,0,17,26,14,351
1,-7.37,-6.04,-5.84,0,17,26,14,425
1,-7.30,-2.47,-6.79,0,17,26,14,493
1,-6.08,0.04,-6.63,0,17,26,14,563
1,-7.14,-1.26,-6.28,0,17,26,14,632
1,-6.43,-1.37,-5.57,0,17,26,14,707
1,-6.32,-1.45,-5.18,0,17,26,14,776
1,-6.47,-0.08,-5.14,0,17,26,14,845
1,-6.67,-1.06,-4.79,0,17,26,14,914
1,-6.39,-1.37,-5.37,0,17,26,14,982
1,-7.02,-1.26,-6.00,0,17,26,15,50
1,-7.22,-0.86,-4.39,0,17,26,15,120
1,-7.06,-0.55,-4.59,0,17,26,15,187
1,-6.59,-0.63,-4.39,0,17,26,15,255
1,-7.37,-0.08,-4.47,0,17,26,15,325
1,-5.22,0.78,-7.85,0,17,26,15,393
1,-8.20,0.24,-3.37,0,17,26,15,462
1,-7.18,0.24,-4.31,0,17,26,15,532
1,-8.08,0.71,-4.86,0,17,26,15,601
1,-7.37,0.63,-4.82,0,17,26,15,671
1,-8.28,0.78,-4.51,0,17,26,15,745
1,-7.41,0.90,-4.31,0,17,26,15,816
1,-7.53,0.27,-4.51,0,17,26,15,884
1,-7.02,1.06,-4.12,0,17,26,15,953
1,-7.49,-0.20,-4.59,0,17,26,16,23
1,-6.79,1.33,-5.37,0,17,26,16,93
1,-7.65,-0.31,-4.90,0,17,26,16,163
1,-6.71,0.08,-4.86,0,17,26,16,235
1,-6.79,-0.67,-5.18,0,17,26,16,304
1,-6.43,-0.59,-4.90,0,17,26,16,372
1,-6.32,0.08,-5.30,0,17,26,16,442
1,-6.59,-0.43,-5.61,0,17,26,16,511
1,-5.53,1.29,-5.84,0,17,26,16,580
1,-7.41,1.26,-5.77,0,17,26,16,652
1,-5.26,1.84,-5.96,0,17,26,16,722
1,-6.90,2.39,-5.96,0,17,26,16,792
1,-6.35,1.33,-6.94,0,17,26,16,867
1,-6.20,1.02,-6.00,0,17,26,16,937
1,-5.41,0.86,-4.94,0,17,26,17,6
1,-5.88,1.73,-5.84,0,17,26,17,75
1,-6.51,2.51,-4.39,0,17,26,17,145
1,-5.37,3.65,-6.51,0,17,26,17,213
1,-6.20,2.00,-6.28,0,17,26,17,284
1,-5.18,2.47,-6.67,0,17,26,17,353
1,-5.14,3.45,-5.69,0,17,26,17,422
1,-5.33,2.43,-6.12,0,17,26,17,492
1,-5.14,2.79,-5.65,0,17,26,17,560
1,-4.98,3.37,-6.98,0,17,26,17,629
1,-5.22,2.71,-5.81,0,17,26,17,699
1,-5.10,1.73,-6.71,0,17,26,17,767
1,-5.37,1.61,-6.71,0,17,26,17,846
1,-4.98,1.10,-7.06,0,17,26,17,914
1,-5.06,0.67,-6.51,0,17,26,17,984
1,-5.02,1.06,-6.63,0,17,26,18,54
1,-5.06,0.51,-6.39,0,17,26,18,125
1,-4.94,0.12,-7.10,0,17,26,18,197
1,-4.75,0.16,-6.35,0,17,26,18,267
1,-4.75,-0.04,-6.63,0,17,26,18,348
1,-5.18,0.59,-6.94,0,17,26,18,420
1,-5.10,-0.04,-5.61,0,17,26,18,487
1,-6.12,0.04,-5.84,0,17,26,18,556
1,-5.84,0.86,-6.28,0,17,26,18,625
1,-5.02,1.06,-6.39,0,17,26,18,695
1,-4.79,2.43,-5.18,0,17,26,18,762
1,-5.37,2.16,-5.81,0,17,26,18,832
1,-6.32,1.80,-5.61,0,17,26,18,899
1,-6.24,1.92,-4.94,0,17,26,18,968
1,-6.28,2.04,-6.43,0,17,26,19,36
1,-6.00,1.69,-8.08,0,17,26,19,110
1,-5.49,0.90,-7.49,0,17,26,19,179
1,-5.10,0.59,-9.69,0,17,26,19,249
1,-4.67,-0.12,-6.98,0,17,26,19,317
1,-4.04,0.04,-6.16,0,17,26,19,393
1,-4.55,0.00,-5.22,0,17,26,19,483
1,-4.71,0.00,-4.08,0,17,26,19,552
1,-5.30,-1.22,-5.57,0,17,26,19,633
1,-6.32,0.00,-8.90,0,17,26,19,702
1,-5.73,-1.22,-10.16,0,17,26,19,770
1,-5.33,-0.51,-8.16,0,17,26,19,838
1,-4.35,-0.16,-6.90,0,17,26,19,907
1,-3.37,0.08,-4.51,0,17,26,19,976
1,-3.33,0.24,-4.94,0,17,26,20,45
1,-4.43,-0.27,-5.81,0,17,26,20,120
1,-4.59,1.33,-6.55,0,17,26,20,189
1,-6.20,1.88,-7.96,0,17,26,20,265
1,-6.12,2.39,-7.30,0,17,26,20,340
1,-6.28,2.16,-6.00,0,17,26,20,411
1,-5.26,2.51,-5.73,0,17,26,20,492
1,-5.26,2.08,-4.28,0,17,26,20,562
1,-5.49,2.20,-4.20,0,17,26,20,632
1,-5.96,1.84,-5.45,0,17,26,20,703
1,-6.16,1.22,-8.51,0,17,26,20,800
1,-5.02,1.92,-9.34,0,17,26,20,869
1,-4.98,2.24,-8.71,0,17,26,20,937
1,-4.71,0.94,-7.92,0,17,26,21,5
1,-3.88,0.35,-4.82,0,17,26,21,78
1,-3.92,0.20,-5.22,0,17,26,21,146
1,-4.31,0.12,-4.63,0,17,26,21,215
1,-5.37,-0.27,-7.18,0,17,26,21,288
1,-6.67,-0.43,-7.18,0,17,26,21,381
1,-6.39,-0.78,-7.61,0,17,26,21,452
1,-4.98,-0.82,-6.20,0,17,26,21,546
1,-4.75,-0.63,-5.61,0,17,26,21,614
1,-4.55,-0.71,-5.02,0,17,26,21,712
1,-5.37,-0.78,-5.61,0,17,26,21,782
1,-5.18,-0.63,-5.57,0,17,26,21,850
1,-6.16,0.63,-7.06,0,17,26,21,919
1,-5.02,1.88,-8.94,0,17,26,21,993
1,-4.71,2.39,-6.86,0,17,26,22,63
1,-4.98,2.47,-6.86,0,17,26,22,133
1,-4.47,1.65,-5.30,0,17,26,22,202
1,-5.18,1.88,-5.26,0,17,26,22,271
1,-5.10,1.53,-5.69,0,17,26,22,338
1,-5.14,1.26,-7.85,0,17,26,22,416
1,-5.06,0.71,-8.04,0,17,26,22,495
1,-4.79,0.39,-7.65,0,17,26,22,563
1,-4.79,0.20,-5.96,0,17,26,22,632
1,-4.47,0.04,-6.28,0,17,26,22,702
1,-4.82,0.12,-6.55,0,17,26,22,771
1,-5.14,0.04,-6.79,0,17,26,22,844
1,-4.55,0.75,-7.22,0,17,26,22,917
1,-4.79,0.27,-7.14,0,17,26,22,985
1,-4.86,0.04,-6.59,0,17,26,23,53
1,-4.79,-0.35,-6.63,0,17,26,23,121
1,-4.82,0.39,-6.79,0,17,26,23,191
1,-4.94,0.47,-6.20,0,17,26,23,260
1,-5.18,0.47,-6.59,0,17,26,23,327
1,-5.14,0.55,-6.59,0,17,26,23,397
1,-5.22,0.71,-6.04,0,17,26,23,466
1,-5.30,0.43,-6.16,0,17,26,23,535
1,-5.26,0.59,-6.47,0,17,26,23,606
1,-5.30,0.51,-6.83,0,17,26,23,675
1,-5.26,0.55,-6.71,0,17,26,23,747
1,-5.26,0.43,-6.43,0,17,26,23,815
1,-5.37,0.39,-6.55,0,17,26,23,888
1,-5.45,0.39,-5.96,0,17,26,23,964
1,-5.45,0.16,-6.35,0,17,26,24,32
1,-6.20,0.27,-6.67,0,17,26,24,109
1,-6.28,0.35,-7.02,0,17,26,24,181
1,-6.63,0.20,-6.98,0,17,26,24,249
1,-6.86,0.20,-6.12,0,17,26,24,318
1,-6.71,0.27,-5.22,0,17,26,24,438
1,-6.55,0.39,-4.59,0,17,26,24,513
1,-6.90,0.47,-4.24,0,17,26,24,588
1,-7.10,0.31,-3.84,0,17,26,24,660
1,-7.06,0.90,-3.92,0,17,26,24,728
1,-6.98,1.02,-4.31,0,17,26,24,798
1,-7.41,1.10,-4.04,0,17,26,24,870
1,-7.96,1.18,-4.71,0,17,26,24,939
1,-7.88,0.59,-4.00,0,17,26,25,9
1,-7.49,0.75,-4.12,0,17,26,25,79
1,-7.69,0.63,-4.59,0,17,26,25,146
1,-7.53,0.51,-4.59,0,17,26,25,216
1,-7.53,0.71,-4.24,0,17,26,25,286
1,-7.53,0.43,-4.35,0,17,26,25,358
1,-7.73,0.71,-3.80,0,17,26,25,429
1,-7.96,0.71,-4.35,0,17,26,25,501
1,-7.88,0.55,-4.71,0,17,26,25,569
1,-7.53,0.47,-4.35,0,17,26,25,639
1,-7.53,0.82,-4.20,0,17,26,25,706
1,-7.85,0.82,-4.59,0,17,26,25,776
1,-7.61,0.78,-4.12,0,17,26,25,849
1,-7.73,0.75,-4.24,0,17,26,25,920
1,-7.61,0.63,-4.31,0,17,26,25,988
1,-7.65,0.51,-4.43,0,17,26,26,56
1,-7.61,0.67,-4.24,0,17,26,26,127
1,-7.61,0.59,-4.59,0,17,26,26,195
1,-7.49,0.67,-4.59,0,17,26,26,263
1,-7.49,0.59,-4.59,0,17,26,26,331
1,-7.49,0.51,-4.55,0,17,26,26,402
1,-7.65,0.47,-4.47,0,17,26,26,471
1,-7.57,0.67,-4.86,0,17,26,26,539
1,-7.49,0.47,-4.82,0,17,26,26,608
1,-7.41,0.43,-4.63,0,17,26,26,676
1,-7.37,0.31,-4.86,0,17,26,26,745
1,-7.30,0.39,-4.67,0,17,26,26,817
1,-7.37,0.27,-4.82,0,17,26,26,894
1,-7.30,0.31,-4.82,0,17,26,26,973
1,-7.30,0.24,-4.90,0,17,26,27,41
1,-7.30,0.39,-4.82,0,17,26,27,110
1,-7.41,0.20,-4.98,0,17,26,27,179
1,-7.34,0.39,-4.86,0,17,26,27,248
1,-7.18,0.31,-4.79,0,17,26,27,315
1,-7.14,0.39,-4.94,0,17,26,27,384
1,-7.22,0.24,-4.90,0,17,26,27,455
1,-7.18,0.12,-4.90,0,17,26,27,524
1,-7.37,0.12,-4.86,0,17,26,27,594
1,-7.22,0.31,-5.26,0,17,26,27,663
1,-7.14,0.43,-5.14,0,17,26,27,731
1,-7.02,0.43,-5.18,0,17,26,27,800
1,-7.06,0.20,-5.10,0,17,26,27,879
1,-7.06,0.43,-5.18,0,17,26,27,948
1,-6.90,0.27,-5.49,0,17,26,28,20
1,-6.86,0.31,-5.06,0,17,26,28,88
1,-6.67,0.43,-5.06,0,17,26,28,165
1,-6.51,0.55,-4.98,0,17,26,28,233
1,-6.90,0.20,-5.22,0,17,26,28,311
1,-7.06,0.08,-5.18,0,17,26,28,383
1,-7.18,0.24,-5.49,0,17,26,28,460
1,-6.98,0.47,-5.18,0,17,26,28,532
1,-6.71,0.47,-5.22,0,17,26,28,601
1,-6.75,0.47,-5.06,0,17,26,28,671
1,-6.75,0.35,-5.41,0,17,26,28,744
1,-6.94,0.39,-5.37,0,17,26,28,814
1,-6.71,0.39,-5.22,0,17,26,28,883
1,-6.55,0.31,-5.33,0,17,26,28,951
1,-6.55,0.47,-5.33,0,17,26,29,19
1,-6.63,0.35,-5.45,0,17,26,29,99
1,-6.83,0.51,-5.49,0,17,26,29,176
1,-6.59,0.35,-5.53,0,17,26,29,249
1,-6.59,0.35,-5.18,0,17,26,29,320
1,-6.67,0.31,-5.45,0,17,26,29,395
1,-6.75,0.24,-5.41,0,17,26,29,479
1,-6.71,0.08,-5.65,0,17,26,29,555
1,-6.63,0.08,-5.41,0,17,26,29,622
1,-6.86,0.47,-5.37,0,17,26,29,690
1,-6.86,0.27,-5.45,0,17,26,29,762
1,-6.59,-0.12,-5.37,0,17,26,29,833
1,-7.30,0.27,-5.30,0,17,26,29,905
1,-7.06,0.67,-4.98,0,17,26,29,973
1,-7.22,0.55,-5.02,0,17,26,30,57
1,-7.06,0.39,-5.30,0,17,26,30,129
1,-6.83,0.00,-5.06,0,17,26,30,198
1,-6.75,0.20,-5.02,0,17,26,30,270
1,-6.67,0.24,-5.06,0,17,26,30,339
1,-6.79,0.27,-5.41,0,17,26,30,407
1,-6.94,0.27,-5.41,0,17,26,30,484
1,-6.79,0.24,-5.26,0,17,26,30,552
1,-6.67,0.24,-5.61,0,17,26,30,624
1,-6.79,0.16,-5.18,0,17,26,30,692
1,-6.79,0.20,-5.33,0,17,26,30,761
1,-6.75,0.16,-5.26,0,17,26,30,830
1,-6.63,0.12,-5.57,0,17,26,30,907
1,-6.71,0.24,-5.41,0,17,26,30,976
1,-6.86,0.35,-5.18,0,17,26,31,44
1,-6.79,0.27,-5.10,0,17,26,31,113
1,-6.79,0.43,-5.30,0,17,26,31,181
1,-6.86,0.31,-5.41,0,17,26,31,251
1,-6.79,0.31,-5.14,0,17,26,31,322
1,-6.79,0.31,-5.14,0,17,26,31,390
1,-6.90,0.39,-5.22,0,17,26,31,465
1,-6.86,0.27,-5.26,0,17,26,31,533
1,-6.86,0.20,-5.22,0,17,26,31,603
1,-6.83,0.39,-5.30,0,17,26,31,671
1,-6.79,0.35,-5.37,0,17,26,31,760
1,-6.75,0.43,-5.33,0,17,26,31,831
1,-6.75,0.35,-5.26,0,17,26,31,902
1,-6.75,0.39,-5.41,0,17,26,31,971
1,-6.75,0.35,-5.45,0,17,26,32,45
1,-6.75,0.39,-5.53,0,17,26,32,115
1,-6.75,0.27,-5.41,0,17,26,32,185
1,-6.63,0.39,-5.41,0,17,26,32,256
1,-6.67,0.35,-5.33,0,17,26,32,326
1,-6.71,0.43,-5.37,0,17,26,32,394
1,-6.71,0.27,-5.33,0,17,26,32,473
1,-6.71,0.31,-5.45,0,17,26,32,541
1,-6.86,0.31,-5.30,0,17,26,32,610
1,-6.79,0.35,-5.37,0,17,26,32,679
1,-6.79,0.27,-5.30,0,17,26,32,748
1,-6.83,0.35,-5.26,0,17,26,32,817
1,-6.79,0.39,-5.37,0,17,26,32,887
1,-6.79,0.39,-5.22,0,17,26,32,957
1,-6.71,0.47,-5.41,0,17,26,33,28
1,-6.71,0.35,-5.14,0,17,26,33,99
1,-6.75,0.39,-5.61,0,17,26,33,188
1,-6.67,0.39,-5.33,0,17,26,33,269
1,-6.79,0.20,-5.37,0,17,26,33,337
1,-6.79,0.39,-5.10,0,17,26,33,406
1,-6.75,0.39,-5.18,0,17,26,33,481
1,-6.71,0.24,-5.49,0,17,26,33,558
1,-6.71,0.43,-5.37,0,17,26,33,629
1,-6.83,0.20,-5.26,0,17,26,33,700
1,-6.79,0.31,-5.30,0,17,26,33,773
1,-6.90,0.39,-5.26,0,17,26,33,842
1,-6.90,0.39,-5.26,0,17,26,33,911
1,-6.94,0.43,-5.33,0,17,26,33,979
1,-6.79,0.31,-5.37,0,17,26,34,48
1,-6.94,0.47,-5.10,0,17,26,34,117
1,-6.94,0.43,-5.30,0,17,26,34,193
1,-6.90,0.51,-5.14,0,17,26,34,262
1,-6.90,0.35,-5.18,0,17,26,34,329
1,-6.86,0.39,-5.45,0,17,26,34,400
1,-7.06,0.39,-5.30,0,17,26,34,471
1,-7.06,0.43,-5.45,0,17,26,34,567
1,-7.26,0.24,-4.71,0,17,26,34,637
1,-7.30,0.27,-4.31,0,17,26,34,706
1,-7.14,0.24,-4.51,0,17,26,34,780
1,-7.26,0.27,-4.79,0,17,26,34,851
1,-7.45,0.31,-4.98,0,17,26,34,920
1,-7.37,0.35,-4.98,0,17,26,34,991
1,-7.30,0.20,-4.98,0,17,26,35,59
1,-7.06,0.31,-4.75,0,17,26,35,127
1,-7.18,0.20,-4.79,0,17,26,35,196
1,-7.30,0.35,-4.86,0,17,26,35,268
1,-7.14,0.16,-5.06,0,17,26,35,337
1,-7.14,0.12,-4.98,0,17,26,35,408
1,-7.10,0.31,-4.90,0,17,26,35,486
1,-7.10,0.24,-5.02,0,17,26,35,563
1,-7.26,0.16,-5.18,0,17,26,35,636
1,-7.10,0.24,-5.18,0,17,26,35,704
1,-7.06,0.27,-5.06,0,17,26,35,774
1,-7.06,0.24,-4.98,0,17,26,35,844
1,-7.22,0.39,-5.02,0,17,26,35,913
1,-7.10,0.20,-5.10,0,17,26,35,983
1,-7.06,0.20,-4.98,0,17,26,36,58
1,-7.14,0.39,-5.14,0,17,26,36,126
1,-7.02,0.20,-4.90,0,17,26,36,204
1,-7.06,0.31,-5.02,0,17,26,36,275
1,-7.10,0.51,-5.14,0,17,26,36,371
1,-7.10,0.31,-5.26,0,17,26,36,439
1,-7.14,0.24,-4.98,0,17,26,36,510
1,-7.14,0.31,-4.94,0,17,26,36,588
1,-6.94,0.51,-5.26,0,17,26,36,660
1,-6.98,0.27,-5.45,0,17,26,36,730
1,-6.90,0.20,-5.14,0,17,26,36,801
1,-7.10,0.43,-4.98,0,17,26,36,873
1,-7.06,0.24,-4.90,0,17,26,36,942
1,-7.02,0.12,-4.90,0,17,26,37,11
1,-7.18,0.43,-5.26,0,17,26,37,85
1,-7.14,0.20,-5.53,0,17,26,37,154
1,-7.14,0.27,-5.30,0,17,26,37,223
1,-7.61,0.04,-4.79,0,17,26,37,291
1,-7.22,0.35,-4.59,0,17,26,37,359
1,-7.02,0.16,-5.26,0,17,26,37,435
1,-7.14,0.35,-5.02,0,17,26,37,513
1,-7.18,0.39,-4.98,0,17,26,37,583
1,-7.02,0.20,-4.79,0,17,26,37,651
1,-7.14,0.04,-5.14,0,17,26,37,721
1,-7.18,0.16,-5.10,0,17,26,37,790
1,-7.02,0.12,-5.14,0,17,26,37,860
1,-7.10,0.16,-4.82,0,17,26,37,929
1,-7.14,0.27,-4.79,0,17,26,37,998
1,-7.10,0.20,-5.06,0,17,26,38,72
1,-6.86,0.35,-5.10,0,17,26,38,141
1,-6.83,0.08,-5.30,0,17,26,38,209
1,-6.79,0.27,-5.65,0,17,26,38,278
1,-6.90,0.39,-5.30,0,17,26,38,348
1,-6.83,0.27,-5.26,0,17,26,38,420
1,-6.71,0.12,-5.10,0,17,26,38,493
1,-6.67,0.24,-5.33,0,17,26,38,562
1,-6.75,0.16,-5.06,0,17,26,38,632
1,-6.63,0.27,-5.14,0,17,26,38,700
1,-6.67,0.39,-5.65,0,17,26,38,770
1,-6.59,0.24,-5.92,0,17,26,38,840
1,-6.67,0.39,-5.77,0,17,26,38,911
1,-6.51,0.24,-5.30,0,17,26,38,980
1,-6.71,0.67,-5.77,0,17,26,39,50
1,-6.32,0.47,-5.53,0,17,26,39,122
1,-6.32,0.16,-4.98,0,17,26,39,190
1,-6.43,0.55,-5.37,0,17,26,39,262
1,-6.59,0.20,-5.30,0,17,26,39,331
1,-6.51,0.20,-5.53,0,17,26,39,401
1,-6.59,0.16,-5.53,0,17,26,39,471
1,-6.67,0.12,-5.49,0,17,26,39,540
1,-6.63,0.27,-5.73,0,17,26,39,609
1,-6.75,0.63,-5.88,0,17,26,39,677
1,-6.20,0.39,-5.33,0,17,26,39,747
1,-6.63,0.27,-5.69,0,17,26,39,816
1,-6.63,0.31,-5.49,0,17,26,39,887
1,-6.67,0.20,-5.41,0,17,26,39,963
1,-6.51,0.43,-5.65,0,17,26,40,34
1,-6.43,0.67,-5.57,0,17,26,40,104
1,-6.47,0.51,-5.84,0,17,26,40,183
1,-6.47,0.51,-5.65,0,17,26,40,255
1,-6.43,0.39,-5.65,0,17,26,40,324
1,-6.39,0.47,-5.65,0,17,26,40,393
1,-6.55,0.63,-5.49,0,17,26,40,468
1,-6.35,0.55,-5.69,0,17,26,40,545
1,-6.35,0.35,-5.81,0,17,26,40,617
1,-6.39,0.39,-5.49,0,17,26,40,698
1,-6.35,0.43,-5.81,0,17,26,40,769
1,-6.43,0.43,-5.61,0,17,26,40,847
1,-6.24,0.35,-5.57,0,17,26,40,916
1,-6.32,0.31,-5.69,0,17,26,40,988
1,-6.32,0.39,-5.65,0,17,26,41,56
1,-6.32,0.43,-5.61,0,17,26,41,126
1,-6.35,0.31,-5.88,0,17,26,41,199
1,-6.35,0.35,-5.77,0,17,26,41,267
1,-6.47,0.63,-5.92,0,17,26,41,336
1,-6.51,0.31,-5.49,0,17,26,41,406
1,-6.39,0.27,-5.49,0,17,26,41,477
1,-6.32,0.43,-5.41,0,17,26,41,553
1,-6.32,0.27,-5.49,0,17,26,41,625
1,-6.35,0.39,-6.00,0,17,26,41,692
1,-6.43,0.31,-5.88,0,17,26,41,762
1,-6.55,0.20,-5.73,0,17,26,41,832
1,-6.51,0.47,-5.02,0,17,26,41,901
1,-6.63,0.35,-5.14,0,17,26,41,972
1,-6.63,0.24,-5.61,0,17,26,42,41
1,-6.71,0.31,-5.49,0,17,26,42,115
1,-6.47,0.43,-5.57,0,17,26,42,185
1,-6.67,0.27,-5.37,0,17,26,42,253
1,-6.43,0.16,-5.53,0,17,26,42,328
1,-6.59,0.31,-5.69,0,17,26,42,397
1,-6.67,0.39,-5.61,0,17,26,42,466
1,-6.39,0.27,-5.69,0,17,26,42,543
1,-6.51,0.35,-5.61,0,17,26,42,612
1,-6.59,0.51,-5.88,0,17,26,42,680
1,-6.51,0.35,-5.57,0,17,26,42,748
1,-6.47,0.16,-5.45,0,17,26,42,819
1,-6.51,0.47,-5.41,0,17,26,42,909
1,-6.43,0.35,-5.37,0,17,26,42,978
1,-6.51,0.27,-5.45,0,17,26,43,49
1,-6.43,0.24,-5.65,0,17,26,43,118
1,-6.47,0.16,-5.65,0,17,26,43,260
1,-6.47,0.16,-5.33,0,17,26,43,330
1,-6.51,0.27,-5.30,0,17,26,43,407
1,-6.67,0.43,-5.14,0,17,26,43,482
1,-6.43,0.39,-5.41,0,17,26,43,556
1,-6.43,0.24,-5.69,0,17,26,43,624
1,-6.59,0.24,-5.41,0,17,26,43,693
1,-6.24,0.39,-5.92,0,17,26,43,762
1,-6.39,0.27,-5.61,0,17,26,43,830
1,-6.39,0.27,-5.41,0,17,26,43,900
1,-6.55,0.35,-5.61,0,17,26,43,970
1,-6.39,0.12,-5.77,0,17,26,44,39
1,-6.51,0.20,-5.53,0,17,26,44,108
1,-6.47,0.20,-5.73,0,17,26,44,177
1,-6.43,0.08,-5.53,0,17,26,44,246
1,-6.39,0.31,-5.49,0,17,26,44,316
1,-6.43,0.27,-5.57,0,17,26,44,389
1,-6.43,0.24,-5.61,0,17,26,44,458
1,-6.39,0.20,-5.77,0,17,26,44,528
1,-6.55,0.16,-5.61,0,17,26,44,609
1,-6.55,0.31,-5.45,0,17,26,44,683
1,-6.47,0.31,-5.57,0,17,26,44,751
1,-6.59,0.20,-5.61,0,17,26,44,819
1,-6.51,0.12,-5.73,0,17,26,44,888
1,-6.32,0.31,-5.53,0,17,26,44,958
1,-6.35,0.16,-5.45,0,17,26,45,27
1,-6.47,0.24,-5.57,0,17,26,45,99
1,-6.28,0.27,-5.73,0,17,26,45,167
1,-6.20,0.27,-5.65,0,17,26,45,236
1,-6.28,0.31,-5.81,0,17,26,45,308
1,-6.28,0.43,-5.73,0,17,26,45,378
1,-6.28,0.24,-5.57,0,17,26,45,448
1,-6.12,0.39,-5.37,0,17,26,45,518
1,-6.67,0.59,-5.10,0,17,26,45,587
1,-6.32,0.39,-6.32,0,17,26,45,663
1,-6.00,0.51,-6.35,0,17,26,45,735
1,-6.04,0.51,-6.24,0,17,26,45,807
1,-6.12,0.35,-5.69,0,17,26,45,878
1,-6.12,0.31,-5.81,0,17,26,45,946
1,-6.12,0.20,-5.84,0,17,26,46,15
1,-6.00,0.35,-5.92,0,17,26,46,96
1,-6.20,0.24,-6.04,0,17,26,46,173
1,-6.16,0.35,-5.81,0,17,26,46,265
1,-6.20,0.39,-6.04,0,17,26,46,349
1,-6.12,0.51,-6.00,0,17,26,46,418
1,-6.24,0.59,-5.92,0,17,26,46,493
1,-6.24,0.24,-5.77,0,17,26,46,564
1,-6.24,0.12,-5.73,0,17,26,46,634
1,-6.28,0.31,-5.92,0,17,26,46,701
1,-6.16,0.24,-6.00,0,17,26,46,770
1,-6.24,0.16,-5.73,0,17,26,46,839
1,-6.35,0.20,-5.77,0,17,26,46,908
1,-6.32,0.39,-5.69,0,17,26,46,978
1,-6.43,0.24,-5.30,0,17,26,47,50
1,-6.43,0.31,-5.49,0,17,26,47,118
1,-6.51,0.31,-5.57,0,17,26,47,187
1,-6.32,0.35,-5.69,0,17,26,47,263
1,-6.35,0.31,-5.61,0,17,26,47,348
1,-6.39,0.43,-5.81,0,17,26,47,429
1,-6.47,0.55,-5.81,0,17,26,47,500
1,-6.43,0.43,-5.73,0,17,26,47,582
1,-6.39,0.24,-5.41,0,17,26,47,650
1,-6.43,0.43,-5.18,0,17,26,47,720
1,-6.43,0.43,-5.30,0,17,26,47,790
1,-6.51,0.63,-5.61,0,17,26,47,863
1,-6.35,0.35,-5.84,0,17,26,47,932
1,-6.39,0.43,-5.61,0,17,26,48,3
1,-6.43,0.35,-5.65,0,17,26,48,76
1,-6.28,0.51,-5.65,0,17,26,48,144
1,-6.35,0.31,-5.65,0,17,26,48,220
1,-6.47,0.47,-5.69,0,17,26,48,290
1,-6.28,0.51,-5.65,0,17,26,48,360
1,-6.32,0.35,-5.57,0,17,26,48,430
1,-6.32,0.39,-6.08,0,17,26,48,501
1,-6.39,0.43,-5.92,0,17,26,48,568
1,-6.28,0.39,-5.69,0,17,26,48,636
1,-6.20,0.47,-5.65,0,17,26,48,706
1,-6.32,0.31,-5.45,0,17,26,48,779
1,-6.35,0.27,-5.81,0,17,26,48,850
1,-6.28,0.39,-5.81,0,17,26,48,921
1,-6.20,0.27,-5.61,0,17,26,48,992
1,-6.24,0.31,-5.88,0,17,26,49,63
1,-6.20,0.39,-5.69,0,17,26,49,131
1,-6.24,0.39,-5.69,0,17,26,49,200
1,-6.55,0.51,-5.81,0,17,26,49,270
1,-6.47,0.35,-6.00,0,17,26,49,339
1,-6.39,0.20,-5.77,0,17,26,49,408
1,-6.24,0.39,-5.65,0,17,26,49,475
1,-6.24,0.43,-5.49,0,17,26,49,544
1,-6.39,0.24,-5.57,0,17,26,49,624
1,-6.35,0.24,-5.84,0,17,26,49,695
1,-6.28,0.39,-5.65,0,17,26,49,765
1,-6.24,0.27,-5.77,0,17,26,49,836
1,-6.24,0.20,-5.69,0,17,26,49,906
1,-6.16,0.20,-5.77,0,17,26,49,975
1,-6.20,0.39,-6.08,0,17,26,50,45
1,-6.28,0.31,-5.81,0,17,26,50,115
1,-6.24,0.20,-5.61,0,17,26,50,189
1,-6.32,0.27,-5.73,0,17,26,50,257
1,-6.35,0.27,-5.69,0,17,26,50,325
1,-6.28,0.31,-5.84,0,17,26,50,397
1,-6.20,0.24,-5.53,0,17,26,50,466
1,-6.20,0.39,-5.77,0,17,26,50,535
1,-6.08,0.39,-5.73,0,17,26,50,606
1,-6.16,0.27,-5.84,0,17,26,50,676
1,-6.12,0.16,-5.81,0,17,26,50,743
1,-6.08,0.27,-6.08,0,17,26,50,814
1,-6.00,0.35,-5.88,0,17,26,50,882
1,-5.96,0.24,-5.92,0,17,26,50,959
1,-5.92,0.24,-6.00,0,17,26,51,71
1,-6.35,0.27,-6.12,0,17,26,51,140
1,-6.16,0.27,-5.88,0,17,26,51,211
1,-6.20,0.16,-5.61,0,17,26,51,299
1,-6.04,0.24,-5.77,0,17,26,51,369
1,-6.04,0.55,-5.81,0,17,26,51,440
1,-6.12,0.47,-5.65,0,17,26,51,508
1,-6.12,0.31,-6.32,0,17,26,51,576
1,-6.20,0.43,-6.00,0,17,26,51,645
1,-6.12,0.43,-6.08,0,17,26,51,712
1,-6.28,0.35,-6.08,0,17,26,51,781
1,-5.61,0.51,-5.45,0,17,26,51,852
1,-5.96,0.31,-5.88,0,17,26,51,921
1,-6.12,0.47,-5.96,0,17,26,51,991
1,-6.08,0.31,-5.88,0,17,26,52,69
1,-5.69,0.78,-5.77,0,17,26,52,138
1,-5.96,0.47,-5.92,0,17,26,52,208
1,-6.12,0.71,-6.12,0,17,26,52,278
1,-5.96,0.59,-6.00,0,17,26,52,346
1,-6.00,0.55,-5.88,0,17,26,52,420
1,-5.96,0.55,-5.88,0,17,26,52,488
1,-6.08,0.63,-5.92,0,17,26,52,557
1,-5.96,0.55,-5.88,0,17,26,52,628
1,-6.00,0.43,-5.88,0,17,26,52,698
1,-6.16,0.47,-5.96,0,17,26,52,765
1,-6.12,0.35,-5.96,0,17,26,52,835
1,-6.12,0.27,-5.81,0,17,26,52,906
1,-6.24,0.24,-5.57,0,17,26,52,975
1,-6.24,0.27,-5.96,0,17,26,53,45
1,-6.16,0.35,-5.96,0,17,26,53,112
1,-6.28,0.39,-5.96,0,17,26,53,181
1,-6.39,0.39,-5.45,0,17,26,53,251
1,-6.32,0.35,-5.37,0,17,26,53,319
1,-6.28,0.27,-5.45,0,17,26,53,388
1,-6.12,0.27,-5.81,0,17,26,53,456
1,-6.28,0.43,-5.77,0,17,26,53,524
1,-6.39,0.20,-5.57,0,17,26,53,598
1,-6.16,0.51,-5.96,0,17,26,53,668
1,-6.08,0.47,-5.84,0,17,26,53,746
1,-6.24,0.47,-5.84,0,17,26,53,827
1,-6.32,0.31,-5.53,0,17,26,53,898
1,-6.20,0.43,-5.69,0,17,26,53,973
1,-6.08,0.55,-5.81,0,17,26,54,41
1,-6.08,0.39,-5.77,0,17,26,54,110
1,-6.35,0.47,-5.84,0,17,26,54,178
1,-6.16,0.43,-6.12,0,17,26,54,250
1,-6.12,0.51,-5.92,0,17,26,54,319
1,-6.04,0.43,-5.81,0,17,26,54,387
1,-6.12,0.35,-5.77,0,17,26,54,457
1,-6.08,0.51,-5.69,0,17,26,54,525
1,-6.04,0.47,-5.53,0,17,26,54,600
1,-6.08,0.47,-6.04,0,17,26,54,672
1,-6.00,0.39,-5.88,0,17,26,54,745
1,-6.12,0.55,-5.92,0,17,26,54,813
1,-6.08,0.35,-6.04,0,17,26,54,884
1,-5.84,0.51,-6.00,0,17,26,54,953
1,-6.08,0.35,-5.88,0,17,26,55,20
1,-6.08,0.39,-5.84,0,17,26,55,90
1,-6.00,0.51,-6.20,0,17,26,55,158
1,-5.96,0.31,-6.00,0,17,26,55,230
1,-5.92,0.43,-5.88,0,17,26,55,304
1,-5.96,0.43,-5.96,0,17,26,55,374
1,-6.04,0.47,-6.20,0,17,26,55,445
1,-5.88,0.39,-5.92,0,17,26,55,514
1,-5.92,0.47,-5.77,0,17,26,55,582
1,-5.96,0.27,-6.08,0,17,26,55,651
1,-6.12,0.39,-6.32,0,17,26,55,723
1,-6.16,0.39,-6.00,0,17,26,55,791
1,-5.92,0.27,-5.84,0,17,26,55,860
1,-5.77,0.47,-5.81,0,17,26,55,929
1,-6.04,0.63,-5.45,0,17,26,55,0
1,-6.24,0.51,-5.49,0,17,26,56,70
1,-6.00,0.39,-6.32,0,17,26,56,138
1,-6.04,0.35,-5.77,0,17,26,56,207
1,-5.77,0.47,-6.24,0,17,26,56,276
1,-6.04,0.51,-5.92,0,17,26,56,349
1,-5.96,0.43,-5.81,0,17,26,56,418
1,-6.00,0.75,-6.00,0,17,26,56,487
1,-6.12,0.55,-5.88,0,17,26,56,560
1,-5.92,0.55,-6.20,0,17,26,56,630
1,-6.12,0.63,-5.84,0,17,26,56,704
1,-6.08,0.63,-5.88,0,17,26,56,773
1,-6.08,0.59,-6.08,0,17,26,56,844
1,-5.92,0.55,-5.96,0,17,26,56,913
1,-6.04,0.27,-5.81,0,17,26,56,985
1,-6.04,0.51,-5.84,0,17,26,57,57
1,-6.04,0.43,-5.61,0,17,26,57,129
1,-6.00,0.51,-6.04,0,17,26,57,215
1,-6.04,0.51,-6.12,0,17,26,57,285
1,-6.08,0.43,-5.88,0,17,26,57,356
1,-6.08,0.67,-5.92,0,17,26,57,427
1,-6.08,0.51,-6.00,0,17,26,57,496
1,-6.04,0.39,-5.81,0,17,26,57,567
1,-6.04,0.39,-5.92,0,17,26,57,642
1,-6.12,0.47,-6.04,0,17,26,57,716
1,-6.08,0.51,-5.92,0,17,26,57,784
1,-6.12,0.35,-5.88,0,17,26,57,853
1,-6.12,0.55,-5.88,0,17,26,57,923
1,-6.12,0.43,-5.73,0,17,26,57,992
1,-6.16,0.39,-5.81,0,17,26,58,60
1,-6.20,0.47,-5.69,0,17,26,58,152
1,-6.24,0.55,-5.84,0,17,26,58,220
1,-6.28,0.43,-5.57,0,17,26,58,289
1,-6.28,0.47,-5.69,0,17,26,58,358
1,-6.24,0.55,-5.73,0,17,26,58,425
1,-6.28,0.47,-5.77,0,17,26,58,496
1,-6.35,0.55,-5.77,0,17,26,58,564
1,-6.20,0.51,-5.73,0,17,26,58,638
1,-6.28,0.51,-5.73,0,17,26,58,707
1,-6.35,0.43,-5.61,0,17,26,58,777
1,-6.43,0.47,-5.53,0,17,26,58,849
1,-6.32,0.47,-5.73,0,17,26,58,920
1,-6.35,0.47,-5.73,0,17,26,58,999
1,-6.35,0.43,-5.69,0,17,26,59,68
1,-6.35,0.51,-5.57,0,17,26,59,137
1,-6.24,0.55,-5.65,0,17,26,59,211
1,-6.35,0.63,-5.65,0,17,26,59,280
1,-6.39,0.47,-5.84,0,17,26,59,349
1,-6.47,0.51,-5.57,0,17,26,59,417
1,-6.32,0.43,-5.77,0,17,26,59,486
1,-6.35,0.43,-5.69,0,17,26,59,554
1,-6.39,0.43,-5.61,0,17,26,59,622
1,-6.39,0.47,-5.69,0,17,26,59,691
1,-6.39,0.35,-5.49,0,17,26,59,765
1,-6.28,0.51,-5.73,0,17,26,59,835
1,-6.47,0.55,-5.49,0,17,26,59,902
1,-6.39,0.59,-5.65,0,17,26,59,971
1,-6.28,0.59,-5.45,0,17,27,0,40
1,-6.28,0.59,-5.65,0,17,27,0,110
1,-6.24,0.43,-5.73,0,17,27,0,179
1,-6.24,0.43,-5.81,0,17,27,0,248
1,-6.32,0.47,-5.92,0,17,27,0,316
1,-6.32,0.55,-5.88,0,17,27,0,384
1,-6.20,0.43,-5.69,0,17,27,0,455
1,-6.43,0.59,-5.45,0,17,27,0,524
1,-6.35,0.43,-5.49,0,17,27,0,609
1,-6.32,0.51,-5.65,0,17,27,0,678
1,-6.32,0.63,-5.65,0,17,27,0,757
1,-6.28,0.63,-5.81,0,17,27,0,825
1,-6.24,0.63,-5.77,0,17,27,0,894
1,-6.12,0.59,-5.84,0,17,27,0,963
1,-6.16,0.47,-5.84,0,17,27,1,33
1,-6.08,0.55,-5.88,0,17,27,1,101
1,-6.04,0.47,-6.04,0,17,27,1,172
1,-6.08,0.31,-5.73,0,17,27,1,241
1,-5.92,0.63,-6.08,0,17,27,1,322
1,-5.92,0.51,-6.00,0,17,27,1,421
1,-5.84,0.12,-5.92,0,17,27,1,491
1,-5.92,0.47,-6.00,0,17,27,1,560
1,-5.96,0.71,-6.47,0,17,27,1,646
1,-6.04,0.55,-5.81,0,17,27,1,714
1,-6.04,0.35,-5.69,0,17,27,1,782
1,-5.81,0.51,-5.77,0,17,27,1,862
1,-5.77,0.39,-6.04,0,17,27,1,931
1,-5.73,0.43,-5.84,0,17,27,2,7
1,-5.77,0.59,-6.28,0,17,27,2,79
1,-6.12,0.98,-6.16,0,17,27,2,155
1,-5.84,0.67,-6.24,0,17,27,2,235
1,-5.96,0.55,-6.20,0,17,27,2,304
1,-5.84,0.43,-6.16,0,17,27,2,374
1,-5.84,0.71,-5.92,0,17,27,2,445
1,-5.61,0.63,-6.16,0,17,27,2,516
1,-5.69,0.59,-6.12,0,17,27,2,585
1,-5.77,0.55,-6.00,0,17,27,2,665
1,-5.84,0.63,-6.08,0,17,27,2,735
1,-5.77,0.86,-6.35,0,17,27,2,805
1,-5.96,0.59,-6.08,0,17,27,2,876
1,-5.73,0.82,-6.20,0,17,27,2,944
1,-5.81,0.39,-5.84,0,17,27,3,14
1,-5.73,0.75,-6.08,0,17,27,3,83
1,-5.84,0.67,-6.00,0,17,27,3,153
1,-5.73,0.47,-5.96,0,17,27,3,221
1,-5.69,0.59,-6.04,0,17,27,3,290
1,-5.73,0.67,-6.16,0,17,27,3,366
1,-5.77,0.55,-6.20,0,17,27,3,438
1,-5.84,0.51,-6.08,0,17,27,3,515
1,-5.81,0.47,-6.04,0,17,27,3,585
1,-5.77,0.47,-6.20,0,17,27,3,657
1,-5.88,0.16,-5.96,0,17,27,3,732
1,-5.73,0.27,-6.04,0,17,27,3,800
1,-5.77,0.63,-6.20,0,17,27,3,870
1,-5.92,0.43,-6.00,0,17,27,3,937
1,-5.77,0.31,-6.12,0,17,27,4,17
1,-5.77,0.31,-6.12,0,17,27,4,86
1,-5.84,0.35,-6.08,0,17,27,4,158
1,-5.77,0.35,-6.12,0,17,27,4,231
1,-5.81,0.35,-6.08,0,17,27,4,336
1,-5.73,0.43,-6.16,0,17,27,4,408
1,-5.73,0.55,-6.16,0,17,27,4,477
1,-5.61,0.31,-6.28,0,17,27,4,547
1,-5.65,0.35,-6.04,0,17,27,4,616
1,-5.57,0.47,-6.20,0,17,27,4,684
1,-5.61,0.39,-6.28,0,17,27,4,754
1,-5.61,0.51,-6.20,0,17,27,4,824
1,-5.81,0.39,-6.16,0,17,27,4,893
1,-5.73,0.59,-6.35,0,17,27,4,963
1,-5.69,0.43,-6.08,0,17,27,5,34
1,-5.65,0.51,-6.28,0,17,27,5,112
1,-5.65,0.47,-6.20,0,17,27,5,181
1,-5.73,0.43,-6.12,0,17,27,5,252
1,-5.65,0.43,-6.16,0,17,27,5,321
1,-5.73,0.51,-6.08,0,17,27,5,391
1,-5.69,0.47,-6.16,0,17,27,5,461
1,-5.69,0.55,-5.96,0,17,27,5,540
1,-5.69,0.59,-6.08,0,17,27,5,609
1,-5.65,0.59,-6.24,0,17,27,5,678
1,-5.65,0.51,-6.24,0,17,27,5,747
1,-5.57,0.71,-6.51,0,17,27,5,817
1,-5.49,0.35,-6.12,0,17,27,5,893
1,-5.45,0.35,-6.00,0,17,27,5,968
1,-5.57,0.47,-6.08,0,17,27,6,52
1,-5.77,0.67,-6.32,0,17,27,6,125
1,-5.49,0.31,-6.47,0,17,27,6,193
1,-5.37,0.51,-6.24,0,17,27,6,263
1,-5.49,0.39,-6.16,0,17,27,6,330
1,-5.37,0.39,-6.24,0,17,27,6,399
1,-5.41,0.67,-6.43,0,17,27,6,471
1,-5.33,0.55,-6.55,0,17,27,6,541
1,-5.45,0.43,-6.47,0,17,27,6,611
1,-5.37,0.51,-6.47,0,17,27,6,682
1,-5.37,0.47,-6.47,0,17,27,6,766
1,-5.41,0.47,-6.39,0,17,27,6,833
1,-5.33,0.63,-6.08,0,17,27,6,902
1,-5.45,0.55,-6.39,0,17,27,6,975
1,-5.57,0.51,-6.32,0,17,27,7,45
1,-5.41,0.59,-6.24,0,17,27,7,114
1,-5.37,0.51,-6.20,0,17,27,7,183
1,-5.57,0.43,-6.12,0,17,27,7,257
1,-5.49,0.71,-6.32,0,17,27,7,325
1,-5.37,0.63,-6.32,0,17,27,7,394
1,-5.53,0.63,-6.35,0,17,27,7,464
1,-5.49,0.67,-6.24,0,17,27,7,532
1,-5.53,0.55,-6.24,0,17,27,7,603
1,-5.37,0.55,-6.24,0,17,27,7,671
1,-5.49,0.55,-6.28,0,17,27,7,740
1,-5.49,0.59,-6.20,0,17,27,7,809
1,-5.49,0.63,-6.35,0,17,27,7,880
1,-5.53,0.51,-6.32,0,17,27,7,949
1,-5.49,0.71,-6.32,0,17,27,8,18
1,-5.45,0.67,-6.32,0,17,27,8,88
1,-5.53,0.63,-6.28,0,17,27,8,161
1,-5.57,0.67,-6.16,0,17,27,8,227
1,-5.57,0.63,-6.12,0,17,27,8,311
1,-5.49,0.71,-6.28,0,17,27,8,379
1,-5.61,0.67,-6.28,0,17,27,8,448
1,-5.53,0.47,-6.12,0,17,27,8,515
1,-5.57,0.63,-6.28,0,17,27,8,585
1,-5.57,0.78,-6.20,0,17,27,8,653
1,-5.53,0.63,-6.00,0,17,27,8,722
1,-5.61,0.47,-6.20,0,17,27,8,790
1,-5.53,0.78,-6.39,0,17,27,8,858
1,-5.41,0.78,-6.20,0,17,27,8,928
1,-5.57,0.63,-6.08,0,17,27,8,996
1,-5.33,0.82,-6.43,0,17,27,9,64
1,-5.41,0.67,-6.63,0,17,27,9,137
1,-5.33,0.63,-6.39,0,17,27,9,207
1,-5.49,0.67,-6.24,0,17,27,9,276
1,-5.37,0.71,-6.43,0,17,27,9,345
1,-5.37,0.82,-6.24,0,17,27,9,416
1,-5.33,0.67,-6.28,0,17,27,9,484
1,-5.30,0.75,-6.43,0,17,27,9,556
1,-5.30,0.71,-6.24,0,17,27,9,625
1,-5.41,0.67,-6.35,0,17,27,9,692
1,-5.33,0.67,-6.43,0,17,27,9,762
1,-5.37,0.63,-6.39,0,17,27,9,831
1,-5.41,0.71,-6.28,0,17,27,9,903
1,-5.37,0.71,-6.51,0,17,27,9,973
1,-5.33,0.71,-6.32,0,17,27,10,42
1,-5.33,0.59,-6.32,0,17,27,10,112
1,-5.33,0.78,-6.32,0,17,27,10,179
1,-5.30,0.59,-6.28,0,17,27,10,297
1,-5.37,0.59,-6.32,0,17,27,10,366
1,-5.26,0.71,-6.47,0,17,27,10,439
1,-5.26,0.59,-6.35,0,17,27,10,555
1,-5.33,0.71,-6.39,0,17,27,10,625
1,-5.41,0.59,-6.39,0,17,27,10,694
1,-5.33,0.63,-6.51,0,17,27,10,762
1,-5.41,0.63,-6.39,0,17,27,10,831
1,-5.26,0.67,-6.20,0,17,27,10,903
1,-5.30,0.82,-6.35,0,17,27,10,973
1,-5.33,0.71,-6.43,0,17,27,11,40
1,-5.37,0.71,-6.24,0,17,27,11,110
1,-5.33,0.71,-6.35,0,17,27,11,181
1,-5.30,0.71,-6.39,0,17,27,11,249
1,-5.33,0.67,-6.43,0,17,27,11,317
1,-5.26,0.71,-6.47,0,17,27,11,387
1,-5.26,0.71,-6.51,0,17,27,11,454
1,-5.22,0.75,-6.43,0,17,27,11,523
1,-5.22,0.55,-6.47,0,17,27,11,592
1,-5.22,0.71,-6.39,0,17,27,11,665
1,-5.22,0.63,-6.32,0,17,27,11,733
1,-5.14,0.55,-6.24,0,17,27,11,800
1,-5.30,0.27,-6.20,0,17,27,11,869
1,-5.30,0.24,-6.43,0,17,27,11,938
1,-5.37,0.04,-6.55,0,17,27,12,9
1,-5.30,0.27,-6.63,0,17,27,12,79
1,-5.33,0.39,-6.39,0,17,27,12,158
1,-5.22,0.55,-6.51,0,17,27,12,274
1,-5.33,0.86,-6.24,0,17,27,12,344
1,-5.33,0.71,-6.32,0,17,27,12,413
1,-5.26,0.55,-6.35,0,17,27,12,481
1,-5.33,0.59,-6.51,0,17,27,12,550
1,-5.14,0.59,-6.63,0,17,27,12,621
1,-5.22,0.51,-6.32,0,17,27,12,694
1,-5.10,0.71,-6.20,0,17,27,12,764
1,-5.06,0.78,-6.32,0,17,27,12,832
1,-5.02,0.82,-6.59,0,17,27,12,900
1,-4.98,0.75,-6.16,0,17,27,12,974
1,-4.86,0.59,-7.14,0,17,27,13,46
1,-5.06,1.61,-6.67,0,17,27,13,116
1,-4.47,0.86,-6.94,0,17,27,13,185
1,-4.39,1.41,-6.67,0,17,27,13,255
1,-4.28,1.02,-7.49,0,17,27,13,325
1,-3.77,0.90,-7.57,0,17,27,13,397
1,-3.18,0.98,-6.98,0,17,27,13,467
1,-2.51,0.35,-7.92,0,17,27,13,536
1,-2.04,0.82,-7.45,0,17,27,13,605
1,-3.77,1.14,-7.37,0,17,27,13,674
1,-2.51,1.88,-8.36,0,17,27,13,743
1,-4.79,0.04,-7.96,0,17,27,13,812
1,-3.26,1.53,-8.00,0,17,27,13,881
1,-3.57,1.53,-7.85,0,17,27,13,949
1,-2.90,0.43,-6.59,0,17,27,14,45
1,-3.45,0.55,-6.71,0,17,27,14,113
1,-3.41,0.16,-6.32,0,17,27,14,181
1,-2.51,0.20,-5.69,0,17,27,14,251
1,-2.90,-0.24,-6.47,0,17,27,14,319
1,-4.79,-0.55,-7.53,0,17,27,14,388
1,-4.35,-0.08,-7.57,0,17,27,14,457
1,-4.55,0.08,-7.30,0,17,27,14,527
1,-4.90,0.59,-6.98,0,17,27,14,595
1,-4.82,-0.31,-6.39,0,17,27,14,663
1,-4.12,-1.22,-5.65,0,17,27,14,731
1,-6.00,-0.78,-6.16,0,17,27,14,799
1,-5.06,-1.33,-7.02,0,17,27,14,867
1,-4.67,-1.69,-6.79,0,17,27,14,968
1,-4.43,-4.47,-7.65,0,17,27,15,37
1,-3.06,-3.49,-7.22,0,17,27,15,106
1,-3.33,-1.37,-6.20,0,17,27,15,179
1,-3.02,-1.88,-6.16,0,17,27,15,248
1,-3.30,-4.90,-7.77,0,17,27,15,316
1,-3.92,-1.33,-7.30,0,17,27,15,385
1,-2.55,-2.47,-5.49,0,17,27,15,453
1,-4.16,0.98,-5.37,0,17,27,15,522
1,-2.43,-2.35,-7.37,0,17,27,15,592
1,-2.71,-2.55,-7.77,0,17,27,15,664
1,-2.79,-1.69,-7.41,0,17,27,15,732
1,-2.43,-2.16,-7.61,0,17,27,15,800
1,-3.69,-0.43,-7.30,0,17,27,15,869
1,-3.33,-1.37,-6.71,0,17,27,15,937
1,-3.61,-0.59,-7.22,0,17,27,16,5
1,-3.65,-0.31,-7.14,0,17,27,16,74
1,-3.92,-0.86,-6.63,0,17,27,16,143
1,-3.77,-0.86,-7.34,0,17,27,16,213
1,-3.65,-0.59,-7.22,0,17,27,16,282
1,-3.57,-0.67,-7.22,0,17,27,16,356
1,-3.92,-0.63,-6.55,0,17,27,16,424
1,-3.80,-0.75,-7.02,0,17,27,16,492
1,-3.37,-1.14,-7.30,0,17,27,16,562
1,-3.30,-0.98,-7.53,0,17,27,16,643
1,-3.30,-1.10,-7.41,0,17,27,16,713
1,-3.30,-0.63,-7.30,0,17,27,16,782
1,-2.98,-0.90,-7.37,0,17,27,16,850
1,-2.86,-0.67,-7.53,0,17,27,16,920
1,-2.79,-0.67,-7.34,0,17,27,16,988
1,-2.90,-0.67,-7.34,0,17,27,17,57
1,-3.10,-0.55,-7.45,0,17,27,17,126
1,-3.06,-0.47,-7.53,0,17,27,17,198
1,-3.37,-0.63,-7.14,0,17,27,17,269
1,-3.37,-0.35,-7.18,0,17,27,17,338
1,-3.49,-0.27,-7.10,0,17,27,17,408
1,-3.45,-0.20,-7.14,0,17,27,17,479
1,-3.37,-0.39,-6.94,0,17,27,17,549
1,-3.22,-0.24,-7.57,0,17,27,17,617
1,-2.98,0.04,-8.04,0,17,27,17,685
1,-3.37,0.27,-7.34,0,17,27,17,754
1,-3.30,0.04,-7.18,0,17,27,17,822
1,-3.18,0.20,-7.49,0,17,27,17,889
1,-3.33,0.47,-7.57,0,17,27,17,959
1,-3.53,0.20,-6.90,0,17,27,18,28
1,-3.14,0.04,-7.26,0,17,27,18,96
1,-3.18,0.16,-7.22,0,17,27,18,170
1,-3.22,0.00,-7.10,0,17,27,18,239
1,-3.14,-0.31,-7.49,0,17,27,18,307
1,-2.67,0.08,-8.47,0,17,27,18,390
1,-3.30,0.16,-7.10,0,17,27,18,458
1,-3.14,-0.31,-6.79,0,17,27,18,530
1,-3.37,-0.55,-6.83,0,17,27,18,599
1,-3.06,0.00,-8.28,0,17,27,18,668
1,-3.26,0.08,-7.69,0,17,27,18,739
1,-3.22,-0.43,-6.55,0,17,27,18,811
1,-2.79,0.08,-7.45,0,17,27,18,880
1,-2.86,0.00,-7.10,0,17,27,18,948
1,-3.57,0.47,-7.41,0,17,27,19,17
1,-3.45,0.63,-8.28,0,17,27,19,84
1,-3.22,0.98,-8.47,0,17,27,19,152
1,-2.86,0.90,-7.73,0,17,27,19,225
1,-2.82,1.10,-6.83,0,17,27,19,293
1,-2.47,1.37,-7.34,0,17,27,19,373
1,-2.43,0.94,-7.06,0,17,27,19,441
1,-2.55,1.06,-7.18,0,17,27,19,511
1,-2.47,1.61,-7.53,0,17,27,19,582
1,-2.43,1.69,-7.49,0,17,27,19,650
1,-2.82,1.61,-6.98,0,17,27,19,719
1,-3.02,1.88,-7.61,0,17,27,19,786
1,-2.94,2.31,-8.28,0,17,27,19,854
1,-2.55,2.31,-7.65,0,17,27,19,923
1,-2.20,2.39,-7.34,0,17,27,19,991
1,-2.43,2.12,-6.90,0,17,27,20,60
1,-2.67,1.96,-7.30,0,17,27,20,130
1,-2.86,2.12,-7.69,0,17,27,20,199
1,-2.94,2.12,-7.57,0,17,27,20,270
1,-2.82,1.88,-7.22,0,17,27,20,340
1,-3.06,1.49,-6.98,0,17,27,20,409
1,-3.26,1.61,-7.61,0,17,27,20,477
1,-2.94,1.69,-8.55,0,17,27,20,546
1,-2.51,2.00,-7.69,0,17,27,20,622
1,-2.39,1.45,-7.22,0,17,27,20,691
1,-2.31,0.43,-7.18,0,17,27,20,761
1,-2.12,0.98,-6.71,0,17,27,20,829
1,-1.33,1.80,-8.28,0,17,27,20,899
1,-1.92,1.73,-8.08,0,17,27,20,967
1,-1.73,-0.78,-7.57,0,17,27,21,40
1,-1.77,-0.47,-7.02,0,17,27,21,108
1,-1.53,2.16,-8.28,0,17,27,21,176
1,-1.41,1.77,-7.53,0,17,27,21,244
1,-1.18,-0.67,-7.14,0,17,27,21,312
1,-1.41,-0.98,-8.00,0,17,27,21,383
1,-1.65,0.08,-8.28,0,17,27,21,452
1,-1.18,1.02,-9.34,0,17,27,21,524
1,-1.88,0.12,-6.90,0,17,27,21,596
1,-1.69,0.24,-7.85,0,17,27,21,664
1,-1.65,0.63,-7.85,0,17,27,21,734
1,-2.12,2.08,-7.85,0,17,27,21,814
1,-1.41,1.45,-7.37,0,17,27,21,884
1,-1.84,-1.10,-6.12,0,17,27,21,953
1,-2.04,-0.16,-7.53,0,17,27,22,24
1,-1.96,1.02,-8.51,0,17,27,22,92
1,-1.41,1.29,-8.32,0,17,27,22,160
1,-1.61,0.98,-7.30,0,17,27,22,229
1,-1.73,1.14,-7.57,0,17,27,22,299
1,-2.08,1.49,-7.30,0,17,27,22,369
1,-2.82,2.08,-6.67,0,17,27,22,438
1,-2.63,1.73,-7.65,0,17,27,22,506
1,-3.37,1.96,-7.53,0,17,27,22,575
1,-2.82,1.88,-7.88,0,17,27,22,645
1,-2.67,1.57,-7.26,0,17,27,22,714
1,-2.59,1.61,-7.45,0,17,27,22,783
1,-2.55,1.73,-7.65,0,17,27,22,853
1,-2.59,1.77,-7.45,0,17,27,22,922
1,-2.67,1.88,-7.41,0,17,27,22,991
1,-2.43,1.88,-7.61,0,17,27,23,61
1,-2.51,1.92,-7.65,0,17,27,23,132
1,-2.51,1.96,-7.45,0,17,27,23,202
1,-2.47,2.12,-7.49,0,17,27,23,269
1,-2.55,2.16,-7.57,0,17,27,23,338
1,-2.71,2.08,-7.34,0,17,27,23,406
1,-2.98,2.47,-7.34,0,17,27,23,476
1,-3.06,2.67,-7.10,0,17,27,23,555
1,-3.49,3.88,-6.98,0,17,27,23,625
1,-3.45,4.12,-6.35,0,17,27,23,693
1,-4.00,5.26,-6.35,0,17,27,23,762
1,-4.08,5.61,-5.33,0,17,27,23,832
1,-4.08,7.45,-4.16,0,17,27,23,901
1,-4.82,6.86,-4.98,0,17,27,23,971
1,-5.22,7.88,-3.18,0,17,27,24,39
1,-4.16,7.22,-3.65,0,17,27,24,107
1,-4.20,5.06,-5.77,0,17,27,24,176
1,-2.67,2.00,-7.81,0,17,27,24,244
1,-3.45,2.00,-8.16,0,17,27,24,313
1,-3.41,2.16,-7.41,0,17,27,24,381
1,-3.33,1.61,-6.51,0,17,27,24,450
1,-3.69,1.53,-6.59,0,17,27,24,518
1,-3.45,1.06,-7.14,0,17,27,24,588
1,-3.65,1.14,-6.55,0,17,27,24,656
1,-3.41,1.69,-7.06,0,17,27,24,726
1,-3.22,1.18,-7.26,0,17,27,24,795
1,-3.06,1.22,-7.81,0,17,27,24,863
1,-3.30,1.29,-7.65,0,17,27,24,934
1,-3.30,1.37,-6.59,0,17,27,25,5
1,-2.63,1.10,-7.26,0,17,27,25,73
1,-2.59,1.26,-7.96,0,17,27,25,153
1,-2.94,1.57,-7.65,0,17,27,25,223
1,-2.86,1.53,-7.41,0,17,27,25,298
1,-2.98,1.33,-7.26,0,17,27,25,367
1,-2.59,1.37,-7.81,0,17,27,25,435
1,-2.86,1.53,-7.49,0,17,27,25,504
1,-2.67,1.29,-6.35,0,17,27,25,572
1,-2.71,1.80,-7.61,0,17,27,25,641
1,-3.18,2.51,-6.71,0,17,27,25,712
1,-3.26,1.88,-7.26,0,17,27,25,779
1,-3.14,1.88,-7.18,0,17,27,25,848
1,-3.02,1.77,-7.41,0,17,27,25,916
1,-3.18,2.16,-7.65,0,17,27,25,986
1,-3.22,2.20,-7.49,0,17,27,26,54
1,-3.14,2.00,-7.10,0,17,27,26,124
1,-3.10,1.77,-7.37,0,17,27,26,192
1,-3.18,1.96,-7.41,0,17,27,26,262
1,-3.18,2.16,-7.37,0,17,27,26,330
1,-3.22,2.35,-7.41,0,17,27,26,405
1,-3.37,2.20,-7.14,0,17,27,26,473
1,-3.37,2.16,-7.30,0,17,27,26,541
1,-3.06,2.47,-7.61,0,17,27,26,609
1,-3.61,2.39,-7.14,0,17,27,26,678
1,-3.37,1.77,-7.18,0,17,27,26,747
1,-3.02,1.49,-7.57,0,17,27,26,816
1,-2.98,1.45,-7.53,0,17,27,26,885

