1,-3.92,0.55,-6.86,0,17,43,56,54
1,-3.77,0.59,-6.90,0,17,43,57,125
1,-3.88,0.63,-6.86,0,17,43,58,194
1,-3.77,0.67,-6.94,0,17,43,59,262
1,-3.88,0.55,-7.14,0,17,44,0,333
1,-3.57,0.55,-7.18,0,17,44,1,418
1,-3.57,0.43,-7.14,0,17,44,2,488
1,-3.30,0.39,-7.49,0,17,44,3,557
1,-3.80,0.63,-7.61,0,17,44,4,625
1,-3.84,0.63,-7.37,0,17,44,5,696
1,-4.00,0.71,-6.55,0,17,44,6,768
1,-4.12,0.86,-7.02,0,17,44,7,836
1,-4.24,0.90,-7.10,0,17,44,8,908
1,-3.77,0.63,-7.37,0,17,44,9,976
1,-4.00,0.16,-7.02,0,17,44,10,47
1,-4.55,0.27,-7.06,0,17,44,11,120
1,-4.51,-0.08,-6.08,0,17,44,12,191
1,-4.39,0.51,-6.94,0,17,44,13,260
1,-4.59,0.71,-6.59,0,17,44,14,327
1,-4.28,0.63,-6.59,0,17,44,15,396
1,-4.63,0.78,-6.86,0,17,44,16,463
1,-4.79,0.90,-7.06,0,17,44,17,536
1,-4.79,0.51,-6.83,0,17,44,18,605
1,-4.82,0.31,-6.39,0,17,44,19,675
1,-4.82,0.27,-6.59,0,17,44,20,743
1,-4.67,0.71,-6.86,0,17,44,21,823
1,-4.71,0.59,-6.83,0,17,44,22,892
1,-4.71,0.51,-6.63,0,17,44,23,960
1,-4.86,0.55,-6.63,0,17,44,24,29
1,-4.94,0.39,-6.75,0,17,44,25,98
1,-4.79,0.63,-6.75,0,17,44,26,168
1,-4.79,0.51,-6.59,0,17,44,27,235
1,-4.79,0.71,-6.67,0,17,44,28,317
1,-4.94,0.67,-6.67,0,17,44,29,387
1,-4.67,0.59,-6.98,0,17,44,30,455
1,-4.82,0.75,-6.86,0,17,44,31,523
1,-4.82,0.71,-6.67,0,17,44,32,596
1,-4.79,0.78,-6.71,0,17,44,33,666
1,-4.82,0.75,-6.90,0,17,44,34,736
1,-4.82,0.67,-6.79,0,17,44,35,804
1,-4.75,0.67,-6.67,0,17,44,36,874
1,-4.79,0.67,-6.63,0,17,44,37,944
1,-4.71,0.71,-6.79,0,17,44,38,25
1,-4.82,0.59,-6.75,0,17,44,39,96
1,-4.79,0.67,-6.67,0,17,44,39,164
1,-4.71,0.71,-6.83,0,17,44,39,239
1,-4.67,0.71,-6.71,0,17,44,39,308
1,-4.82,0.86,-6.75,0,17,44,39,379
1,-4.75,0.75,-6.75,0,17,44,39,448
1,-4.59,0.75,-6.67,0,17,44,39,516
1,-4.71,0.78,-6.83,0,17,44,39,585
1,-4.67,0.63,-7.22,0,17,44,39,653
1,-4.00,0.39,-7.14,0,17,44,39,722
1,-4.31,0.24,-7.02,0,17,44,39,791
1,-4.55,0.12,-6.79,0,17,44,39,864
1,-4.43,0.27,-6.75,0,17,44,39,932
1,-4.67,0.47,-7.06,0,17,44,40,4
1,-4.55,0.51,-6.90,0,17,44,40,71
1,-4.67,0.51,-6.79,0,17,44,40,140
1,-4.67,0.55,-6.63,0,17,44,40,209
1,-4.59,0.55,-6.71,0,17,44,40,277
1,-4.79,0.63,-6.55,0,17,44,40,346
1,-5.02,0.59,-6.55,0,17,44,40,414
1,-4.94,1.14,-7.30,0,17,44,40,483
1,-4.63,0.82,-6.86,0,17,44,40,552
1,-4.86,0.59,-6.83,0,17,44,40,640
1,-4.75,1.02,-6.90,0,17,44,40,709
1,-4.82,0.82,-6.32,0,17,44,40,779
1,-4.86,0.71,-6.71,0,17,44,40,848
1,-4.75,0.78,-7.22,0,17,44,40,917
1,-4.67,0.75,-6.94,0,17,44,40,987
1,-4.82,0.71,-6.83,0,17,44,41,55
1,-4.71,0.59,-6.35,0,17,44,41,129
1,-4.71,0.71,-6.39,0,17,44,41,198
1,-4.90,0.63,-6.94,0,17,44,41,267
1,-4.82,0.86,-6.79,0,17,44,41,335
1,-4.71,0.43,-6.75,0,17,44,41,405
1,-4.79,0.63,-6.79,0,17,44,41,474
1,-4.51,0.51,-6.51,0,17,44,41,543
1,-4.75,0.59,-6.47,0,17,44,41,618
1,-4.86,0.67,-6.59,0,17,44,41,688
1,-4.82,0.59,-6.71,0,17,44,41,758
1,-4.82,0.51,-6.79,0,17,44,41,829
1,-4.75,0.75,-6.71,0,17,44,41,899
1,-4.75,0.47,-6.59,0,17,44,41,968
1,-4.94,0.51,-6.71,0,17,44,42,36
1,-4.94,0.55,-6.51,0,17,44,42,106
1,-4.79,0.59,-6.71,0,17,44,42,174
1,-4.82,0.47,-6.86,0,17,44,42,248
1,-4.82,0.47,-6.59,0,17,44,42,316
1,-4.75,0.59,-6.55,0,17,44,42,385
1,-4.79,0.67,-6.98,0,17,44,42,453
1,-4.75,0.43,-6.90,0,17,44,42,522
1,-4.79,0.63,-6.59,0,17,44,42,591
1,-4.82,0.59,-6.71,0,17,44,42,661
1,-4.75,0.55,-6.90,0,17,44,42,729
1,-4.82,0.43,-6.83,0,17,44,42,798
1,-4.86,0.55,-6.83,0,17,44,42,867
1,-4.90,0.71,-6.63,0,17,44,42,936
1,-4.67,0.67,-6.90,0,17,44,43,5
1,-4.67,0.51,-6.63,0,17,44,43,78
1,-4.75,0.59,-6.59,0,17,44,43,148
1,-4.86,0.63,-6.94,0,17,44,43,218
1,-4.67,0.67,-7.10,0,17,44,43,287
1,-4.86,0.78,-6.55,0,17,44,43,355
1,-4.67,0.59,-6.71,0,17,44,43,424
1,-4.59,0.59,-6.90,0,17,44,43,492
1,-4.75,0.78,-6.67,0,17,44,43,560
1,-4.79,0.75,-6.67,0,17,44,43,634
1,-4.67,0.63,-6.79,0,17,44,43,703
1,-4.67,0.71,-6.67,0,17,44,43,771
1,-4.82,0.63,-6.79,0,17,44,43,842
1,-4.75,0.75,-6.86,0,17,44,43,910
1,-4.63,0.67,-6.94,0,17,44,43,979
1,-4.67,0.59,-6.79,0,17,44,44,48
1,-4.79,0.75,-6.51,0,17,44,44,116
1,-4.90,0.75,-6.94,0,17,44,44,186
1,-4.63,0.82,-6.79,0,17,44,44,264
1,-4.75,0.71,-6.63,0,17,44,44,333
1,-4.79,0.78,-6.86,0,17,44,44,403
1,-4.82,0.90,-6.75,0,17,44,44,471
1,-4.79,0.82,-6.67,0,17,44,44,540
1,-4.67,0.78,-6.59,0,17,44,44,608
1,-4.82,0.78,-6.94,0,17,44,44,677
1,-4.67,0.86,-6.71,0,17,44,44,746
1,-4.71,0.86,-6.79,0,17,44,44,815
1,-4.75,0.86,-6.90,0,17,44,44,885
1,-4.67,0.75,-6.90,0,17,44,44,955
1,-4.75,0.86,-6.79,0,17,44,45,23
1,-4.75,0.75,-6.75,0,17,44,45,93
1,-4.82,0.78,-6.79,0,17,44,45,166
1,-4.82,0.71,-6.71,0,17,44,45,236
1,-4.75,0.78,-6.75,0,17,44,45,326
1,-4.90,0.71,-6.55,0,17,44,45,409
1,-4.67,0.71,-6.67,0,17,44,45,478
1,-4.82,0.82,-6.63,0,17,44,45,546
1,-4.86,0.75,-6.71,0,17,44,45,615
1,-4.86,0.82,-6.90,0,17,44,45,683
1,-4.67,0.75,-6.59,0,17,44,45,772
1,-4.90,0.67,-6.59,0,17,44,45,842
1,-4.82,0.55,-6.47,0,17,44,45,914
1,-4.75,0.78,-6.94,0,17,44,45,983
1,-4.94,0.59,-6.86,0,17,44,46,53
1,-4.94,0.63,-6.51,0,17,44,46,121
1,-4.79,0.51,-6.63,0,17,44,46,192
1,-4.82,0.55,-6.75,0,17,44,46,263
1,-4.94,0.59,-6.67,0,17,44,46,332
1,-4.82,0.63,-6.75,0,17,44,46,403
1,-4.79,0.67,-6.67,0,17,44,46,473
1,-4.79,0.82,-6.51,0,17,44,46,541
1,-4.75,0.51,-6.59,0,17,44,46,612
1,-4.86,0.75,-6.90,0,17,44,46,685
1,-4.98,0.71,-6.71,0,17,44,46,754
1,-4.75,0.63,-6.79,0,17,44,46,825
1,-4.82,0.67,-6.86,0,17,44,46,895
1,-4.59,0.67,-7.02,0,17,44,46,966
1,-4.75,0.63,-6.55,0,17,44,47,45
1,-4.94,0.71,-6.86,0,17,44,47,132
1,-4.71,0.71,-6.98,0,17,44,47,223
1,-4.86,0.71,-6.79,0,17,44,47,308
1,-4.82,0.63,-6.51,0,17,44,47,393
1,-4.59,0.71,-6.55,0,17,44,47,466
1,-4.82,0.55,-6.63,0,17,44,47,534
1,-4.86,0.71,-6.83,0,17,44,47,602
1,-4.86,0.43,-6.90,0,17,44,47,674
1,-4.75,0.71,-6.75,0,17,44,47,742
1,-4.59,0.71,-7.02,0,17,44,47,811
1,-4.75,0.71,-6.79,0,17,44,47,880
1,-4.79,0.55,-6.79,0,17,44,47,948
1,-4.75,0.78,-6.63,0,17,44,48,18
1,-4.71,0.75,-6.79,0,17,44,48,86
1,-4.79,0.75,-6.94,0,17,44,48,155
1,-4.67,0.67,-6.75,0,17,44,48,226
1,-4.71,0.71,-6.59,0,17,44,48,295
1,-4.79,0.67,-6.79,0,17,44,48,365
1,-4.71,0.75,-6.83,0,17,44,48,435
1,-4.79,0.59,-6.86,0,17,44,48,504
1,-4.75,0.63,-6.79,0,17,44,48,571
1,-4.82,0.63,-6.83,0,17,44,48,640
1,-4.67,0.59,-6.75,0,17,44,48,709
1,-4.75,0.67,-6.67,0,17,44,48,777
1,-4.82,0.71,-6.71,0,17,44,48,847
1,-4.82,0.71,-6.83,0,17,44,48,916
1,-4.67,0.51,-7.02,0,17,44,48,984
1,-4.75,0.71,-6.67,0,17,44,49,54
1,-4.79,0.71,-6.79,0,17,44,49,123
1,-4.71,0.67,-6.75,0,17,44,49,191
1,-4.75,0.63,-6.86,0,17,44,49,260
1,-4.67,0.71,-6.63,0,17,44,49,330
1,-5.02,0.71,-6.86,0,17,44,49,400
1,-4.79,0.75,-6.83,0,17,44,49,471
1,-4.79,0.75,-6.71,0,17,44,49,540
1,-4.94,0.59,-6.51,0,17,44,49,610
1,-4.82,0.78,-7.06,0,17,44,49,684
1,-4.71,0.82,-6.55,0,17,44,49,753
1,-4.82,0.59,-6.63,0,17,44,49,822
1,-4.75,1.02,-6.98,0,17,44,49,891
1,-4.94,0.71,-6.90,0,17,44,49,961
1,-4.63,0.86,-6.71,0,17,44,50,29
1,-4.63,0.75,-6.67,0,17,44,50,100
1,-4.90,0.67,-6.83,0,17,44,50,174
1,-4.86,0.67,-6.86,0,17,44,50,244
1,-4.75,0.75,-6.79,0,17,44,50,321
1,-4.86,0.67,-6.75,0,17,44,50,396
1,-4.79,0.75,-6.59,0,17,44,50,477
1,-4.82,0.59,-6.55,0,17,44,50,557
1,-4.90,0.71,-6.59,0,17,44,50,625
1,-4.90,0.75,-6.67,0,17,44,50,699
1,-4.90,0.67,-6.71,0,17,44,50,772
1,-4.79,0.75,-6.79,0,17,44,50,842
1,-4.94,0.51,-6.71,0,17,44,50,910
1,-4.75,0.75,-6.75,0,17,44,50,980
1,-4.82,0.63,-6.83,0,17,44,51,49
1,-4.90,0.71,-6.63,0,17,44,51,118
1,-4.90,0.63,-6.67,0,17,44,51,187
1,-4.79,0.59,-6.83,0,17,44,51,255
1,-4.82,0.59,-6.75,0,17,44,51,325
1,-4.79,0.59,-6.67,0,17,44,51,392
1,-4.86,0.55,-6.55,0,17,44,51,461
1,-4.86,0.71,-6.86,0,17,44,51,530
1,-4.86,0.51,-6.75,0,17,44,51,599
1,-4.90,0.59,-6.71,0,17,44,51,672
1,-4.79,0.63,-6.71,0,17,44,51,743
1,-4.75,0.51,-6.59,0,17,44,51,813
1,-4.86,0.71,-6.90,0,17,44,51,882
1,-4.90,0.75,-6.83,0,17,44,51,962
1,-4.75,0.67,-6.63,0,17,44,52,31
1,-4.94,0.71,-6.59,0,17,44,52,101
1,-4.79,0.63,-6.83,0,17,44,52,173
1,-4.79,0.71,-6.86,0,17,44,52,243
1,-4.90,0.55,-6.83,0,17,44,52,313
1,-4.86,0.71,-6.75,0,17,44,52,382
1,-4.86,0.55,-6.59,0,17,44,52,450
1,-4.75,0.71,-6.71,0,17,44,52,518
1,-4.86,0.59,-6.98,0,17,44,52,588
1,-4.82,0.78,-6.86,0,17,44,52,657
1,-4.75,0.59,-6.79,0,17,44,52,726
1,-4.86,0.63,-6.59,0,17,44,52,801
1,-4.82,0.71,-6.79,0,17,44,52,907
1,-4.82,0.55,-6.83,0,17,44,52,975
1,-4.86,0.55,-6.63,0,17,44,53,44
1,-4.94,0.63,-6.51,0,17,44,53,112
1,-4.98,0.55,-6.79,0,17,44,53,183
1,-4.82,0.71,-6.75,0,17,44,53,254
1,-4.82,0.51,-6.63,0,17,44,53,322
1,-4.75,0.59,-6.59,0,17,44,53,390
1,-4.79,0.71,-6.63,0,17,44,53,458
1,-4.71,0.75,-6.75,0,17,44,53,527
1,-4.86,0.55,-6.83,0,17,44,53,596
1,-4.90,0.67,-6.43,0,17,44,53,663
1,-4.82,0.82,-6.90,0,17,44,53,733
1,-4.98,0.67,-6.83,0,17,44,53,802
1,-4.79,0.67,-6.55,0,17,44,53,872
1,-5.02,0.78,-6.35,0,17,44,53,939
1,-4.86,0.67,-6.83,0,17,44,54,16
1,-4.82,0.78,-6.55,0,17,44,54,87
1,-4.98,0.51,-6.83,0,17,44,54,156
1,-4.47,0.78,-6.20,0,17,44,54,224
1,-5.06,0.55,-6.75,0,17,44,54,294
1,-4.75,0.59,-6.79,0,17,44,54,365
1,-4.71,0.55,-6.83,0,17,44,54,435
1,-4.82,0.55,-6.79,0,17,44,54,504
1,-4.79,0.67,-6.75,0,17,44,54,572
1,-4.86,0.59,-6.79,0,17,44,54,640
1,-4.79,0.67,-6.63,0,17,44,54,710
1,-4.90,0.71,-6.59,0,17,44,54,779
1,-4.86,0.67,-6.71,0,17,44,54,847
1,-4.98,0.47,-6.79,0,17,44,54,916
1,-4.98,0.63,-6.59,0,17,44,54,984
1,-4.90,0.43,-6.47,0,17,44,55,53
1,-4.82,0.47,-6.55,0,17,44,55,123
1,-4.98,0.51,-6.90,0,17,44,55,191
1,-4.94,0.55,-6.75,0,17,44,55,261
1,-4.98,0.67,-6.55,0,17,44,55,330
1,-4.55,0.55,-6.86,0,17,44,55,398
1,-4.90,0.71,-6.28,0,17,44,55,467
1,-4.90,0.59,-6.55,0,17,44,55,535
1,-4.94,0.43,-6.79,0,17,44,55,604
1,-5.02,0.55,-6.71,0,17,44,55,673
1,-4.86,0.78,-6.79,0,17,44,55,741
1,-4.98,0.55,-6.75,0,17,44,55,809
1,-4.94,0.59,-6.47,0,17,44,55,878
1,-4.98,0.55,-6.59,0,17,44,55,946
1,-4.94,0.55,-6.75,0,17,44,56,19
1,-4.94,0.55,-6.71,0,17,44,56,87
1,-5.06,0.59,-6.59,0,17,44,56,155
1,-4.94,0.51,-6.75,0,17,44,56,224
1,-4.94,0.63,-6.63,0,17,44,56,293
1,-4.82,0.51,-6.47,0,17,44,56,368
1,-4.82,0.59,-6.67,0,17,44,56,436
1,-4.90,0.51,-6.71,0,17,44,56,509
1,-4.82,0.59,-6.71,0,17,44,56,578
1,-4.86,0.55,-6.43,0,17,44,56,647
1,-4.75,0.51,-6.79,0,17,44,56,719
1,-5.10,0.59,-6.47,0,17,44,56,788
1,-4.90,0.71,-6.79,0,17,44,56,884
1,-4.98,0.63,-6.75,0,17,44,56,954
1,-4.86,0.47,-6.59,0,17,44,57,24
1,-4.86,0.55,-6.75,0,17,44,57,92
1,-4.94,0.51,-6.83,0,17,44,57,162
1,-4.86,0.47,-6.24,0,17,44,57,230
1,-4.98,0.31,-6.86,0,17,44,57,301
1,-4.98,0.47,-6.79,0,17,44,57,370
1,-5.02,0.78,-6.63,0,17,44,57,444
1,-4.82,0.47,-6.39,0,17,44,57,513
1,-4.86,0.75,-6.55,0,17,44,57,589
1,-4.98,0.71,-6.71,0,17,44,57,658
1,-5.10,0.71,-7.10,0,17,44,57,727
1,-4.55,0.55,-6.20,0,17,44,57,800
1,-5.02,0.63,-6.63,0,17,44,57,870
1,-4.86,0.59,-6.71,0,17,44,57,939
1,-4.86,0.67,-6.79,0,17,44,58,8
1,-4.90,0.51,-6.83,0,17,44,58,82
1,-4.86,0.55,-6.79,0,17,44,58,151
1,-4.82,0.55,-6.59,0,17,44,58,221
1,-4.94,0.55,-6.55,0,17,44,58,290
1,-4.90,0.63,-6.90,0,17,44,58,359
1,-4.90,0.55,-6.67,0,17,44,58,427
1,-4.82,0.55,-6.63,0,17,44,58,496
1,-4.98,0.75,-6.83,0,17,44,58,565
1,-5.22,0.63,-6.79,0,17,44,58,634
1,-4.98,0.63,-6.75,0,17,44,58,702
1,-4.98,0.55,-6.55,0,17,44,58,772
1,-4.98,0.59,-6.55,0,17,44,58,843
1,-4.98,0.51,-6.59,0,17,44,58,910
1,-4.86,0.63,-6.75,0,17,44,58,979
1,-5.02,0.51,-6.35,0,17,44,59,48
1,-4.98,0.47,-6.43,0,17,44,59,116
1,-5.06,0.55,-6.67,0,17,44,59,184
1,-5.06,0.71,-6.55,0,17,44,59,253
1,-4.98,0.59,-6.79,0,17,44,59,322
1,-5.22,0.71,-6.75,0,17,44,59,391
1,-5.22,0.55,-6.32,0,17,44,59,460
1,-5.06,0.63,-6.32,0,17,44,59,528
1,-5.22,0.63,-6.51,0,17,44,59,598
1,-5.06,0.78,-6.51,0,17,44,59,668
1,-5.02,0.67,-6.43,0,17,44,59,742
1,-5.06,0.71,-6.63,0,17,44,59,812
1,-5.14,0.55,-6.75,0,17,44,59,879
1,-5.14,0.82,-6.20,0,17,44,59,950
1,-5.14,0.59,-6.67,0,17,45,0,18
1,-5.06,0.59,-6.43,0,17,45,0,88
1,-5.14,0.63,-6.63,0,17,45,0,159
1,-5.06,0.63,-6.63,0,17,45,0,227
1,-5.02,0.55,-6.43,0,17,45,0,296
1,-5.02,0.63,-6.28,0,17,45,0,364
1,-5.18,0.75,-6.94,0,17,45,0,434
1,-4.71,0.67,-6.24,0,17,45,0,504
1,-5.41,0.35,-6.67,0,17,45,0,578
1,-4.94,0.63,-6.35,0,17,45,0,646
1,-4.98,0.67,-6.79,0,17,45,0,715
1,-5.02,0.55,-6.75,0,17,45,0,786
1,-4.90,0.55,-6.51,0,17,45,0,852
1,-4.98,0.63,-6.67,0,17,45,0,921
1,-5.02,0.59,-6.63,0,17,45,0,990
1,-4.98,0.51,-6.43,0,17,45,1,60
1,-4.90,0.67,-6.55,0,17,45,1,128
1,-5.02,0.55,-6.63,0,17,45,1,197
1,-5.06,0.47,-6.79,0,17,45,1,266
1,-4.86,0.55,-6.71,0,17,45,1,333
1,-4.98,0.63,-6.51,0,17,45,1,401
1,-4.94,0.43,-6.59,0,17,45,1,470
1,-4.98,0.59,-6.67,0,17,45,1,540
1,-4.94,0.63,-6.67,0,17,45,1,608
1,-4.98,0.63,-6.55,0,17,45,1,676
1,-5.02,0.51,-6.55,0,17,45,1,746
1,-4.94,0.39,-6.67,0,17,45,1,817
1,-4.94,0.59,-6.83,0,17,45,1,886
1,-4.98,0.59,-6.55,0,17,45,1,958
1,-4.94,0.59,-6.39,0,17,45,2,26
1,-5.06,0.75,-6.47,0,17,45,2,95
1,-5.14,0.63,-6.83,0,17,45,2,164
1,-5.06,0.63,-6.63,0,17,45,2,234
1,-5.06,0.59,-6.39,0,17,45,2,304
1,-5.02,0.59,-6.43,0,17,45,2,374
1,-5.02,0.51,-6.43,0,17,45,2,443
1,-5.06,0.59,-6.59,0,17,45,2,512
1,-5.18,0.47,-6.55,0,17,45,2,580
1,-5.02,0.47,-6.59,0,17,45,2,650
1,-5.02,0.43,-6.43,0,17,45,2,718
1,-4.98,0.63,-6.51,0,17,45,2,787
1,-4.98,0.47,-6.79,0,17,45,2,857
1,-5.10,0.55,-6.47,0,17,45,2,926
1,-5.02,0.39,-6.43,0,17,45,2,996
1,-4.98,0.51,-6.39,0,17,45,3,65
1,-5.02,0.51,-6.67,0,17,45,3,134
1,-5.06,0.47,-6.79,0,17,45,3,203
1,-5.06,0.59,-6.59,0,17,45,3,272
1,-4.86,0.55,-6.63,0,17,45,3,342
1,-4.98,0.59,-6.59,0,17,45,3,410
1,-4.98,0.67,-6.67,0,17,45,3,479
1,-5.02,0.67,-6.71,0,17,45,3,556
1,-5.02,0.59,-6.63,0,17,45,3,624
1,-5.02,0.59,-6.59,0,17,45,3,692
1,-4.94,0.67,-6.47,0,17,45,3,762
1,-5.02,0.63,-6.63,0,17,45,3,833
1,-5.02,0.55,-6.67,0,17,45,3,903
1,-4.94,0.59,-6.63,0,17,45,3,972
1,-4.98,0.67,-6.71,0,17,45,4,41
1,-4.98,0.59,-6.55,0,17,45,4,109
1,-4.94,0.51,-6.75,0,17,45,4,178
1,-5.02,0.75,-6.59,0,17,45,4,246
1,-5.02,0.59,-6.63,0,17,45,4,314
1,-5.02,0.51,-6.59,0,17,45,4,389
1,-4.98,0.59,-6.59,0,17,45,4,459
1,-5.02,0.55,-6.59,0,17,45,4,529
1,-5.02,0.63,-6.59,0,17,45,4,598
1,-5.02,0.67,-6.63,0,17,45,4,666
1,-5.02,0.71,-6.63,0,17,45,4,733
1,-4.98,0.51,-6.59,0,17,45,4,801
1,-4.98,0.63,-6.67,0,17,45,4,876
1,-5.02,0.75,-6.63,0,17,45,4,944
1,-5.02,0.55,-6.59,0,17,45,5,13
1,-5.06,0.59,-6.71,0,17,45,5,80
1,-5.02,0.55,-6.67,0,17,45,5,149
1,-5.02,0.55,-6.47,0,17,45,5,218
1,-5.06,0.55,-6.51,0,17,45,5,288
1,-4.98,0.63,-6.67,0,17,45,5,356
1,-5.10,0.63,-6.67,0,17,45,5,424
1,-5.10,0.59,-6.59,0,17,45,5,494
1,-5.02,0.55,-6.55,0,17,45,5,564
1,-5.06,0.51,-6.67,0,17,45,5,633
1,-5.06,0.59,-6.59,0,17,45,5,701
1,-5.14,0.63,-6.55,0,17,45,5,771
1,-5.10,0.55,-6.59,0,17,45,5,840
1,-5.10,0.55,-6.59,0,17,45,5,909
1,-5.18,0.55,-6.51,0,17,45,5,977
1,-5.10,0.55,-6.43,0,17,45,6,45
1,-5.06,0.55,-6.43,0,17,45,6,121
1,-5.02,0.47,-6.28,0,17,45,6,190
1,-5.18,0.51,-6.75,0,17,45,6,259
1,-5.14,0.55,-6.71,0,17,45,6,326
1,-5.18,0.51,-6.55,0,17,45,6,396
1,-5.14,0.55,-6.63,0,17,45,6,464
1,-5.02,0.55,-6.63,0,17,45,6,533
1,-5.10,0.47,-6.51,0,17,45,6,602
1,-5.14,0.55,-6.59,0,17,45,6,675
1,-5.06,0.55,-6.51,0,17,45,6,750
1,-5.14,0.55,-6.39,0,17,45,6,820
1,-5.06,0.63,-6.67,0,17,45,6,888
1,-5.02,0.51,-6.55,0,17,45,6,957
1,-5.22,0.67,-6.28,0,17,45,7,26
1,-5.14,0.55,-6.67,0,17,45,7,95
1,-5.06,0.55,-6.59,0,17,45,7,172
1,-5.18,0.51,-6.47,0,17,45,7,241
1,-5.10,0.55,-6.59,0,17,45,7,308
1,-5.06,0.55,-6.59,0,17,45,7,379
1,-5.10,0.59,-6.51,0,17,45,7,447
1,-5.06,0.59,-6.59,0,17,45,7,515
1,-5.06,0.51,-6.47,0,17,45,7,585
1,-5.10,0.51,-6.63,0,17,45,7,656
1,-5.10,0.47,-6.51,0,17,45,7,724
1,-5.10,0.59,-6.47,0,17,45,7,794
1,-5.06,0.55,-6.47,0,17,45,7,866
1,-5.14,0.59,-6.43,0,17,45,7,937
1,-5.10,0.51,-6.55,0,17,45,8,7
1,-5.14,0.63,-6.51,0,17,45,8,77
1,-5.18,0.51,-6.59,0,17,45,8,146
1,-5.10,0.51,-6.55,0,17,45,8,214
1,-5.14,0.51,-6.47,0,17,45,8,282
1,-5.06,0.55,-6.55,0,17,45,8,350
1,-5.06,0.43,-6.43,0,17,45,8,419
1,-5.06,0.43,-6.55,0,17,45,8,489
1,-5.10,0.51,-6.59,0,17,45,8,558
1,-5.18,0.47,-6.43,0,17,45,8,629
1,-5.22,0.63,-6.51,0,17,45,8,698
1,-5.33,0.63,-6.28,0,17,45,8,767
1,-5.45,0.78,-5.69,0,17,45,8,834
1,-6.35,0.24,-4.75,0,17,45,8,903
1,-5.73,1.18,-4.90,0,17,45,8,974
1,-4.82,0.75,-6.35,0,17,45,9,42
1,-4.67,0.47,-6.86,0,17,45,9,110
1,-2.51,1.18,-9.96,0,17,45,9,180
1,-0.86,1.18,-10.04,0,17,45,9,250
1,-3.33,1.49,-7.37,0,17,45,9,341
1,-4.51,1.33,-6.28,0,17,45,9,410
1,-4.82,1.49,-6.79,0,17,45,9,479
1,-3.49,1.84,-8.39,0,17,45,9,547
1,-4.59,1.22,-6.20,0,17,45,9,617
1,-4.86,1.96,-8.67,0,17,45,9,685
1,-4.94,2.20,-7.37,0,17,45,9,756
1,-5.06,1.96,-5.92,0,17,45,9,824
1,-3.18,2.79,-5.96,0,17,45,9,897
1,-4.12,2.90,-5.49,0,17,45,9,968
1,-4.00,4.00,-6.83,0,17,45,10,38
1,-3.84,2.08,-6.12,0,17,45,10,105
1,-5.73,3.33,-7.06,0,17,45,10,173
1,-3.30,4.94,-8.36,0,17,45,10,242
1,-5.57,3.77,-5.96,0,17,45,10,310
1,-4.51,3.73,-6.00,0,17,45,10,383
1,-4.94,2.82,-6.20,0,17,45,10,452
1,-5.26,3.02,-5.14,0,17,45,10,521
1,-4.71,3.57,-5.37,0,17,45,10,594
1,-5.69,3.26,-5.18,0,17,45,10,662
1,-5.81,4.08,-6.55,0,17,45,10,730
1,-5.30,3.92,-6.43,0,17,45,10,799
1,-4.82,3.30,-6.28,0,17,45,10,872
1,-4.51,3.65,-5.73,0,17,45,10,943
1,-3.80,4.55,-6.20,0,17,45,11,11
1,-3.88,4.55,-6.94,0,17,45,11,80
1,-6.83,3.37,-6.32,0,17,45,11,154
1,-4.31,4.98,-5.88,0,17,45,11,231
1,-4.31,3.84,-6.20,0,17,45,11,300
1,-5.37,2.90,-6.24,0,17,45,11,368
1,-5.45,2.35,-8.24,0,17,45,11,438
1,-7.26,-0.90,-6.08,0,17,45,11,507
1,-5.69,1.14,-6.08,0,17,45,11,575
1,-5.57,1.77,-5.45,0,17,45,11,646
1,-6.16,0.35,-7.53,0,17,45,11,716
1,-3.84,1.92,-6.75,0,17,45,11,789
1,-4.04,2.04,-4.20,0,17,45,11,856
1,-1.02,0.90,-4.86,0,17,45,11,925
1,-3.73,2.00,-5.53,0,17,45,11,996
1,-3.80,1.53,-8.04,0,17,45,12,70
1,-3.45,1.65,-7.77,0,17,45,12,151
1,-3.14,1.02,-8.00,0,17,45,12,219
1,-3.37,1.57,-7.69,0,17,45,12,287
1,-3.22,1.14,-7.41,0,17,45,12,369
1,-3.65,1.92,-6.86,0,17,45,12,438
1,-3.49,1.53,-7.45,0,17,45,12,515
1,-3.18,1.33,-6.86,0,17,45,12,586
1,-3.18,1.33,-7.57,0,17,45,12,655
1,-3.37,1.14,-7.02,0,17,45,12,726
1,-3.22,1.10,-7.02,0,17,45,12,795
1,-3.22,1.26,-7.53,0,17,45,12,868
1,-3.30,1.29,-7.41,0,17,45,12,936
1,-3.10,1.80,-6.67,0,17,45,13,5
1,-3.18,1.57,-7.77,0,17,45,13,79
1,-3.18,1.69,-7.45,0,17,45,13,161
1,-3.22,1.69,-7.34,0,17,45,13,229
1,-3.06,1.49,-7.34,0,17,45,13,299
1,-3.02,1.29,-7.65,0,17,45,13,368
1,-2.90,1.18,-7.45,0,17,45,13,437
1,-2.94,1.53,-7.49,0,17,45,13,505
1,-2.86,0.82,-6.51,0,17,45,13,576
1,-2.82,1.45,-7.30,0,17,45,13,669
1,-3.06,1.29,-7.85,0,17,45,13,740
1,-2.79,1.06,-7.49,0,17,45,13,837
1,-2.63,1.06,-7.34,0,17,45,13,906
1,-2.55,0.94,-7.26,0,17,45,13,975
1,-2.43,1.02,-7.34,0,17,45,14,43
1,-2.51,0.86,-7.41,0,17,45,14,111
1,-2.71,1.29,-7.73,0,17,45,14,190
1,-2.59,1.29,-7.77,0,17,45,14,259
1,-2.63,1.33,-7.61,0,17,45,14,329
1,-2.51,1.33,-7.34,0,17,45,14,405
1,-2.43,1.10,-8.32,0,17,45,14,473
1,-2.59,1.37,-7.30,0,17,45,14,542
1,-2.59,1.29,-7.41,0,17,45,14,609
1,-2.67,1.65,-7.57,0,17,45,14,679
1,-2.63,1.73,-7.65,0,17,45,14,751
1,-2.67,1.65,-7.45,0,17,45,14,820
1,-2.67,1.61,-7.37,0,17,45,14,888
1,-2.63,1.53,-7.77,0,17,45,14,955
1,-2.94,1.69,-7.77,0,17,45,15,25
1,-3.61,2.47,-7.10,0,17,45,15,94
1,-3.65,2.90,-7.14,0,17,45,15,169
1,-3.22,2.35,-7.30,0,17,45,15,237
1,-5.06,3.57,-7.73,0,17,45,15,306
1,-4.59,2.24,-6.39,0,17,45,15,376
1,-4.79,2.71,-6.43,0,17,45,15,448
1,-5.37,3.53,-6.79,0,17,45,15,517
1,-3.96,3.22,-4.47,0,17,45,15,588
1,-4.20,3.57,-5.33,0,17,45,15,655
1,-8.71,4.98,-4.00,0,17,45,15,724
1,-5.53,2.12,-5.14,0,17,45,15,794
1,-4.24,4.67,-7.53,0,17,45,15,861
1,-4.47,3.33,-5.92,0,17,45,15,967
1,-4.47,3.37,-6.51,0,17,45,16,40
1,-3.33,4.24,-6.55,0,17,45,16,109
1,-3.69,4.94,-6.55,0,17,45,16,179
1,-3.14,4.20,-6.79,0,17,45,16,247
1,-3.02,4.35,-7.02,0,17,45,16,314
1,-3.02,3.33,-6.86,0,17,45,16,383
1,-2.59,3.53,-7.06,0,17,45,16,452
1,-3.02,3.14,-7.61,0,17,45,16,519
1,-3.41,2.55,-7.22,0,17,45,16,587
1,-3.30,2.43,-7.14,0,17,45,16,655
1,-3.73,2.90,-7.22,0,17,45,16,725
1,-3.61,1.96,-7.06,0,17,45,16,795
1,-3.77,1.88,-6.94,0,17,45,16,871
1,-4.20,1.92,-7.14,0,17,45,16,952
1,-3.88,1.33,-7.02,0,17,45,17,23
1,-3.88,1.57,-7.45,0,17,45,17,90
1,-4.00,1.53,-7.26,0,17,45,17,162
1,-3.84,1.18,-7.22,0,17,45,17,233
1,-3.80,1.18,-7.45,0,17,45,17,300
1,-4.08,1.37,-6.98,0,17,45,17,369
1,-4.31,1.33,-6.94,0,17,45,17,440
1,-4.16,1.37,-7.14,0,17,45,17,509
1,-4.39,1.49,-6.71,0,17,45,17,579
1,-4.31,2.04,-6.94,0,17,45,17,649
1,-4.16,2.04,-6.83,0,17,45,17,749
1,-4.35,2.12,-6.67,0,17,45,17,818
1,-4.16,2.16,-6.86,0,17,45,17,887
1,-4.39,2.43,-5.69,0,17,45,17,969
1,-4.24,2.28,-6.75,0,17,45,18,47
1,-4.12,2.47,-6.90,0,17,45,18,116
1,-4.31,2.59,-6.79,0,17,45,18,184
1,-4.24,3.02,-6.79,0,17,45,18,255
1,-4.08,2.59,-6.90,0,17,45,18,349
1,-4.08,2.51,-6.94,0,17,45,18,419
1,-4.08,2.43,-6.86,0,17,45,18,486
1,-4.12,2.47,-6.86,0,17,45,18,555
1,-3.77,2.39,-7.14,0,17,45,18,625
1,-4.16,2.35,-6.83,0,17,45,18,694
1,-4.16,2.51,-6.94,0,17,45,18,763
1,-4.28,2.43,-6.71,0,17,45,18,831
1,-4.16,2.47,-6.83,0,17,45,18,902
1,-4.31,2.59,-6.63,0,17,45,18,971
1,-4.24,2.67,-6.90,0,17,45,19,40
1,-4.16,2.51,-6.59,0,17,45,19,108
1,-4.51,3.18,-7.18,0,17,45,19,177
1,-4.28,2.59,-7.14,0,17,45,19,246
1,-4.16,2.20,-7.10,0,17,45,19,316
1,-4.31,2.55,-6.63,0,17,45,19,385
1,-4.16,2.51,-6.94,0,17,45,19,457
1,-4.35,2.55,-6.90,0,17,45,19,525
1,-4.28,2.71,-6.83,0,17,45,19,595
1,-4.16,2.43,-6.86,0,17,45,19,663
1,-3.92,2.47,-6.39,0,17,45,19,732
1,-4.31,2.51,-6.75,0,17,45,19,802
1,-4.16,2.47,-6.63,0,17,45,19,871
1,-4.28,2.79,-7.14,0,17,45,19,941
1,-4.16,2.59,-6.75,0,17,45,20,10
1,-4.39,2.94,-6.71,0,17,45,20,78
1,-4.31,2.67,-6.71,0,17,45,20,150
1,-4.20,2.63,-6.83,0,17,45,20,220
1,-4.28,2.67,-6.83,0,17,45,20,289
1,-4.20,2.55,-6.90,0,17,45,20,357
1,-4.24,2.67,-6.79,0,17,45,20,425
1,-4.20,2.67,-6.75,0,17,45,20,495
1,-4.31,2.63,-6.59,0,17,45,20,565
1,-4.24,2.63,-6.71,0,17,45,20,634
1,-4.39,2.71,-6.67,0,17,45,20,702
1,-4.31,2.71,-6.79,0,17,45,20,769
1,-4.35,2.59,-6.67,0,17,45,20,838
1,-4.35,2.71,-6.71,0,17,45,20,907
1,-4.31,2.71,-6.79,0,17,45,20,994
1,-4.35,2.71,-6.83,0,17,45,21,63
1,-4.31,2.59,-6.71,0,17,45,21,132
1,-4.51,2.59,-6.39,0,17,45,21,202
1,-4.24,3.06,-6.67,0,17,45,21,271
1,-4.39,2.55,-6.83,0,17,45,21,340
1,-4.24,2.59,-6.59,0,17,45,21,410
1,-4.35,2.82,-6.35,0,17,45,21,490
1,-4.20,2.90,-7.06,0,17,45,21,559
1,-4.31,2.55,-6.71,0,17,45,21,628
1,-4.31,2.63,-6.79,0,17,45,21,697
1,-4.43,2.75,-6.79,0,17,45,21,768
1,-4.31,2.63,-6.55,0,17,45,21,836
1,-4.47,2.90,-6.94,0,17,45,21,905
1,-4.55,2.79,-6.59,0,17,45,21,973
1,-4.47,2.75,-6.47,0,17,45,22,44
1,-4.35,2.59,-6.55,0,17,45,22,114
1,-4.67,2.86,-6.63,0,17,45,22,185
1,-4.71,3.02,-6.28,0,17,45,22,254
1,-4.51,2.98,-6.90,0,17,45,22,322
1,-4.08,2.43,-6.51,0,17,45,22,393
1,-4.47,2.79,-6.79,0,17,45,22,469
1,-4.63,3.33,-6.83,0,17,45,22,537
1,-4.39,2.71,-6.39,0,17,45,22,605

