1,-4.35,2.55,-6.59,0,17,45,22,668
1,-4.82,1.22,-6.20,0,17,45,31,284
1,-4.90,1.45,-7.14,0,17,45,32,363
1,-4.59,0.98,-6.90,0,17,45,33,432
1,-4.55,0.94,-6.63,0,17,45,34,499
1,-4.71,0.98,-6.75,0,17,45,35,568
1,-4.47,1.02,-6.75,0,17,45,36,636
1,-4.39,1.14,-6.79,0,17,45,37,706
1,-4.59,1.10,-6.83,0,17,45,38,774
1,-4.67,1.10,-6.63,0,17,45,39,849
1,-4.67,1.18,-6.67,0,17,45,40,918
1,-4.71,0.90,-6.35,0,17,45,41,985
1,-4.75,1.02,-6.67,0,17,45,42,55
1,-4.86,1.02,-6.83,0,17,45,43,125
1,-4.98,1.14,-6.94,0,17,45,44,194
1,-4.71,1.33,-6.28,0,17,45,45,265
1,-5.02,1.10,-6.55,0,17,45,46,334
1,-5.02,1.02,-6.83,0,17,45,47,415
1,-4.79,0.98,-6.51,0,17,45,48,484
1,-4.90,0.82,-6.67,0,17,45,49,553
1,-4.82,0.98,-6.79,0,17,45,50,621
1,-4.79,0.98,-6.83,0,17,45,51,688
1,-4.94,0.90,-6.67,0,17,45,52,758
1,-4.82,0.94,-6.83,0,17,45,53,826
1,-4.94,0.75,-6.79,0,17,45,54,895
1,-4.90,0.67,-6.43,0,17,45,55,962
1,-4.82,0.67,-6.51,0,17,45,56,31
1,-4.82,0.59,-6.67,0,17,45,57,99
1,-5.02,0.67,-6.86,0,17,45,58,172
1,-4.98,0.63,-6.79,0,17,45,59,240
1,-5.02,0.75,-6.59,0,17,46,0,308
1,-5.22,0.59,-6.71,0,17,46,1,376
1,-5.26,0.71,-6.55,0,17,46,2,448
1,-5.69,0.78,-6.90,0,17,46,3,516
1,-6.63,0.98,-7.22,0,17,46,4,585
1,-7.65,0.43,-6.94,0,17,46,5,654
1,-7.45,0.16,-6.59,0,17,46,6,723
1,-7.45,0.67,-5.33,0,17,46,7,794
1,-7.26,1.22,-4.55,0,17,46,8,864
1,-7.49,1.26,-4.08,0,17,46,9,936
1,-7.61,1.22,-3.88,0,17,46,10,6
1,-7.45,0.98,-2.94,0,17,46,11,75
1,-7.57,1.14,-2.67,0,17,46,12,148
1,-7.88,1.02,-2.24,0,17,46,13,238
1,-8.43,1.10,-2.04,0,17,46,14,308
1,-8.71,1.10,-2.31,0,17,46,15,377
1,-9.02,0.94,-1.96,0,17,46,16,448
1,-8.83,1.49,-2.39,0,17,46,17,518
1,-8.87,0.98,-2.04,0,17,46,18,587
1,-8.87,1.10,-2.20,0,17,46,19,656
1,-9.14,0.94,-2.12,0,17,46,20,725
1,-9.10,1.22,-2.47,0,17,46,20,794
1,-9.14,0.98,-2.28,0,17,46,20,863
1,-9.06,1.18,-2.43,0,17,46,20,937
1,-9.38,1.57,-2.20,0,17,46,21,5
1,-9.34,1.41,-1.61,0,17,46,21,76
1,-9.22,1.65,-1.96,0,17,46,21,144
1,-9.22,1.33,-1.92,0,17,46,21,213
1,-9.26,1.33,-1.80,0,17,46,21,282
1,-8.83,1.53,-2.12,0,17,46,21,351
1,-9.02,1.49,-1.61,0,17,46,21,420
1,-9.22,1.33,-1.69,0,17,46,21,488
1,-9.22,1.53,-1.96,0,17,46,21,564
1,-8.94,1.57,-1.84,0,17,46,21,642
1,-9.34,1.22,-1.92,0,17,46,21,715
1,-9.45,0.90,-2.12,0,17,46,21,811
1,-9.06,1.26,-2.12,0,17,46,21,880
1,-9.02,1.14,-1.77,0,17,46,21,950
1,-9.06,1.18,-2.00,0,17,46,22,18
1,-9.22,1.10,-2.12,0,17,46,22,87
1,-9.14,1.26,-2.04,0,17,46,22,156
1,-9.18,1.33,-2.20,0,17,46,22,224
1,-9.22,1.18,-2.12,0,17,46,22,293
1,-9.14,1.14,-2.16,0,17,46,22,362
1,-9.18,0.94,-2.28,0,17,46,22,431
1,-9.18,1.06,-2.24,0,17,46,22,499
1,-9.10,1.10,-2.00,0,17,46,22,568
1,-9.06,1.26,-2.00,0,17,46,22,635
1,-9.26,1.06,-2.12,0,17,46,22,705
1,-9.06,1.26,-2.12,0,17,46,22,788
1,-9.10,1.29,-2.08,0,17,46,22,857
1,-9.06,0.94,-2.04,0,17,46,22,926
1,-9.14,1.10,-2.20,0,17,46,22,996
1,-9.14,1.18,-2.39,0,17,46,23,65
1,-9.06,1.18,-2.28,0,17,46,23,134
1,-9.06,1.14,-2.12,0,17,46,23,203
1,-9.14,1.18,-2.00,0,17,46,23,275
1,-9.18,1.26,-2.16,0,17,46,23,346
1,-9.06,1.61,-2.31,0,17,46,23,428
1,-9.02,1.37,-2.31,0,17,46,23,505
1,-9.02,1.49,-2.28,0,17,46,23,572
1,-9.10,1.33,-2.24,0,17,46,23,641
1,-9.10,1.41,-2.16,0,17,46,23,711
1,-8.87,1.29,-2.04,0,17,46,23,781
1,-9.38,1.84,-1.53,0,17,46,23,850
1,-9.30,1.45,-2.71,0,17,46,23,919
1,-8.87,0.98,-2.55,0,17,46,23,988
1,-8.75,1.26,-2.39,0,17,46,24,56
1,-8.87,1.18,-2.08,0,17,46,24,124
1,-9.02,1.14,-2.31,0,17,46,24,198
1,-9.06,1.29,-2.35,0,17,46,24,268
1,-9.06,1.45,-2.24,0,17,46,24,337
1,-9.18,1.26,-2.04,0,17,46,24,410
1,-9.26,1.41,-1.88,0,17,46,24,479
1,-8.98,1.53,-2.43,0,17,46,24,549
1,-9.18,1.41,-2.59,0,17,46,24,617
1,-9.02,1.45,-2.31,0,17,46,24,685
1,-8.90,1.73,-2.08,0,17,46,24,755
1,-8.98,1.61,-2.51,0,17,46,24,822
1,-8.71,1.80,-2.67,0,17,46,24,890
1,-8.75,1.92,-2.24,0,17,46,24,960
1,-9.02,1.26,-2.31,0,17,46,25,28
1,-9.06,0.98,-2.51,0,17,46,25,97
1,-9.26,1.10,-2.47,0,17,46,25,173
1,-8.98,1.29,-2.24,0,17,46,25,241
1,-8.79,1.57,-2.16,0,17,46,25,311
1,-8.87,1.53,-2.28,0,17,46,25,379
1,-8.98,1.49,-2.47,0,17,46,25,447
1,-8.98,1.33,-2.51,0,17,46,25,517
1,-9.10,1.26,-2.59,0,17,46,25,589
1,-8.87,1.41,-2.59,0,17,46,25,657
1,-8.67,1.65,-2.35,0,17,46,25,724
1,-8.75,1.37,-2.43,0,17,46,25,792
1,-9.06,1.53,-2.39,0,17,46,25,861
1,-8.94,1.69,-2.43,0,17,46,25,931
1,-8.94,1.65,-2.43,0,17,46,25,0
1,-9.14,1.45,-2.63,0,17,46,26,80
1,-9.02,1.73,-2.55,0,17,46,26,149
1,-9.18,1.57,-2.86,0,17,46,26,218
1,-8.94,1.53,-2.28,0,17,46,26,288
1,-8.87,1.88,-2.20,0,17,46,26,357
1,-8.71,1.69,-2.00,0,17,46,26,429
1,-9.06,1.41,-1.96,0,17,46,26,498
1,-9.06,1.22,-2.24,0,17,46,26,570
1,-9.18,1.45,-2.16,0,17,46,26,639
1,-9.10,1.49,-2.35,0,17,46,26,712
1,-9.14,1.29,-2.43,0,17,46,26,783
1,-8.94,1.26,-2.31,0,17,46,26,852
1,-8.90,1.29,-2.35,0,17,46,26,920
1,-8.94,1.29,-2.51,0,17,46,26,988
1,-9.02,1.18,-2.51,0,17,46,27,57
1,-9.06,1.14,-2.28,0,17,46,27,128
1,-8.98,1.29,-2.35,0,17,46,27,195
1,-8.98,1.18,-2.16,0,17,46,27,264
1,-9.06,1.18,-2.24,0,17,46,27,334
1,-9.10,1.06,-2.35,0,17,46,27,403
1,-9.02,1.18,-2.47,0,17,46,27,474
1,-8.94,1.18,-2.24,0,17,46,27,544
1,-9.02,1.18,-2.43,0,17,46,27,623
1,-8.98,1.18,-2.39,0,17,46,27,711
1,-9.02,1.29,-2.39,0,17,46,27,789
1,-9.18,1.06,-1.49,0,17,46,27,874
1,-8.59,0.94,-1.84,0,17,46,27,961
1,-9.30,1.29,-2.16,0,17,46,28,46
1,-8.90,1.45,-2.00,0,17,46,28,128
1,-9.06,1.33,-2.08,0,17,46,28,209
1,-9.10,1.37,-2.16,0,17,46,28,278
1,-9.22,1.33,-2.31,0,17,46,28,346
1,-9.10,1.37,-2.43,0,17,46,28,416
1,-9.02,1.26,-2.16,0,17,46,28,500
1,-8.94,1.33,-2.16,0,17,46,28,571
1,-8.90,1.37,-2.35,0,17,46,28,640
1,-8.98,1.33,-2.43,0,17,46,28,710
1,-9.02,1.45,-2.43,0,17,46,28,780
1,-9.10,1.49,-2.55,0,17,46,28,852
1,-8.90,1.45,-2.55,0,17,46,28,921
1,-9.06,1.49,-2.55,0,17,46,28,991
1,-8.71,1.57,-2.28,0,17,46,29,60
1,-8.63,1.49,-2.28,0,17,46,29,128
1,-8.98,1.57,-2.67,0,17,46,29,198
1,-8.87,1.49,-2.51,0,17,46,29,266
1,-8.94,1.26,-2.55,0,17,46,29,334
1,-8.90,1.37,-2.51,0,17,46,29,403
1,-8.90,1.29,-2.63,0,17,46,29,482
1,-8.83,1.33,-2.63,0,17,46,29,551
1,-8.67,1.33,-2.63,0,17,46,29,620
1,-8.90,1.26,-2.79,0,17,46,29,689
1,-8.79,1.33,-2.86,0,17,46,29,758
1,-9.14,1.10,-2.90,0,17,46,29,830
1,-8.83,0.94,-2.79,0,17,46,29,901
1,-8.67,1.22,-2.51,0,17,46,29,972
1,-8.63,1.29,-2.51,0,17,46,30,42
1,-8.98,1.18,-2.55,0,17,46,30,113
1,-8.90,0.98,-2.47,0,17,46,30,218
1,-8.79,1.29,-2.55,0,17,46,30,286
1,-8.94,1.41,-2.55,0,17,46,30,374
1,-8.83,1.37,-2.47,0,17,46,30,462
1,-8.75,1.45,-2.59,0,17,46,30,531
1,-8.94,1.26,-2.35,0,17,46,30,601
1,-9.06,1.06,-2.63,0,17,46,30,669
1,-8.94,1.29,-2.55,0,17,46,30,740
1,-8.98,1.29,-2.55,0,17,46,30,814
1,-8.94,1.37,-2.55,0,17,46,30,887
1,-8.98,1.33,-2.59,0,17,46,30,958
1,-8.87,1.18,-2.59,0,17,46,31,30
1,-8.94,1.22,-2.55,0,17,46,31,102
1,-8.83,1.29,-2.55,0,17,46,31,174
1,-8.87,1.29,-2.67,0,17,46,31,243
1,-8.94,1.18,-2.59,0,17,46,31,313
1,-8.98,1.29,-2.43,0,17,46,31,382
1,-8.90,1.26,-2.51,0,17,46,31,451
1,-8.83,1.33,-2.71,0,17,46,31,525
1,-8.90,1.18,-2.43,0,17,46,31,596
1,-8.87,1.22,-2.43,0,17,46,31,664
1,-8.94,1.29,-2.51,0,17,46,31,733
1,-8.98,1.18,-2.59,0,17,46,31,808
1,-8.98,1.37,-2.39,0,17,46,31,879
1,-8.83,1.22,-2.63,0,17,46,31,962
1,-8.83,1.29,-2.67,0,17,46,32,32
1,-9.02,1.26,-2.59,0,17,46,32,103
1,-8.98,1.18,-2.51,0,17,46,32,176
1,-8.87,1.18,-2.39,0,17,46,32,245
1,-9.06,1.29,-2.43,0,17,46,32,315
1,-8.94,1.22,-2.59,0,17,46,32,385
1,-8.98,1.14,-2.51,0,17,46,32,455
1,-8.79,1.14,-2.55,0,17,46,32,531
1,-8.79,1.22,-2.31,0,17,46,32,601
1,-8.83,1.26,-2.51,0,17,46,32,671
1,-9.10,1.45,-2.51,0,17,46,32,741
1,-9.14,1.22,-2.79,0,17,46,32,810
1,-9.02,1.18,-2.55,0,17,46,32,879
1,-8.71,1.26,-2.43,0,17,46,32,950
1,-8.79,1.18,-2.28,0,17,46,33,18
1,-9.06,1.10,-2.28,0,17,46,33,87
1,-8.87,1.33,-2.39,0,17,46,33,159
1,-8.98,1.45,-2.51,0,17,46,33,228
1,-9.18,1.22,-2.71,0,17,46,33,304
1,-8.90,1.37,-2.51,0,17,46,33,374
1,-8.94,1.41,-2.55,0,17,46,33,448
1,-9.02,1.29,-2.47,0,17,46,33,522
1,-8.98,1.14,-2.51,0,17,46,33,598
1,-8.87,1.29,-2.43,0,17,46,33,670
1,-8.87,1.49,-2.28,0,17,46,33,764
1,-8.87,1.41,-2.59,0,17,46,33,833
1,-8.75,1.26,-2.20,0,17,46,33,904
1,-8.83,0.78,-2.59,0,17,46,33,973
1,-8.79,1.33,-2.55,0,17,46,34,40
1,-8.98,1.18,-2.31,0,17,46,34,111
1,-8.98,1.37,-2.63,0,17,46,34,183
1,-8.90,1.41,-2.71,0,17,46,34,254
1,-8.87,1.29,-2.55,0,17,46,34,322
1,-8.90,1.33,-2.59,0,17,46,34,391
1,-9.02,1.26,-2.51,0,17,46,34,459
1,-8.90,1.33,-2.55,0,17,46,34,529
1,-8.87,1.33,-2.55,0,17,46,34,598
1,-9.10,1.26,-2.59,0,17,46,34,668
1,-8.94,1.18,-2.63,0,17,46,34,737
1,-8.75,1.33,-2.47,0,17,46,34,806
1,-8.83,1.18,-2.51,0,17,46,34,875
1,-9.06,1.14,-2.47,0,17,46,34,943
1,-8.83,1.29,-2.55,0,17,46,35,17
1,-8.94,1.22,-2.43,0,17,46,35,85
1,-8.87,1.14,-2.39,0,17,46,35,157
1,-8.87,1.14,-2.47,0,17,46,35,227
1,-8.87,1.18,-2.51,0,17,46,35,297
1,-8.94,1.10,-2.51,0,17,46,35,366
1,-8.90,1.02,-2.35,0,17,46,35,437
1,-8.87,1.02,-2.51,0,17,46,35,506
1,-9.10,1.06,-2.31,0,17,46,35,575
1,-8.98,1.14,-2.43,0,17,46,35,645
1,-8.98,1.14,-2.35,0,17,46,35,715
1,-8.94,1.14,-2.43,0,17,46,35,785
1,-9.06,1.02,-2.35,0,17,46,35,854
1,-9.10,0.98,-2.43,0,17,46,35,926
1,-9.10,1.10,-2.31,0,17,46,36,18
1,-8.98,1.18,-2.39,0,17,46,36,91
1,-8.87,1.10,-2.47,0,17,46,36,162
1,-8.90,1.02,-2.24,0,17,46,36,232
1,-9.10,1.14,-2.35,0,17,46,36,302
1,-9.06,1.22,-2.51,0,17,46,36,372
1,-9.10,1.14,-2.43,0,17,46,36,449
1,-8.98,1.18,-2.43,0,17,46,36,518
1,-8.98,1.10,-2.24,0,17,46,36,598
1,-9.06,0.94,-2.31,0,17,46,36,669
1,-9.10,1.26,-2.31,0,17,46,36,737
1,-8.90,1.18,-2.51,0,17,46,36,807
1,-8.98,1.22,-2.47,0,17,46,36,878
1,-8.94,1.10,-2.51,0,17,46,36,947
1,-8.98,1.14,-2.24,0,17,46,37,38
1,-9.14,1.06,-2.47,0,17,46,37,108
1,-8.98,1.22,-2.20,0,17,46,37,177
1,-8.90,1.22,-2.20,0,17,46,37,247
1,-8.90,1.33,-2.24,0,17,46,37,318
1,-8.98,1.14,-2.39,0,17,46,37,414
1,-9.10,1.02,-2.31,0,17,46,37,483
1,-9.10,1.10,-2.35,0,17,46,37,553
1,-9.14,1.10,-2.39,0,17,46,37,624
1,-9.14,1.14,-2.39,0,17,46,37,694
1,-9.02,1.22,-2.31,0,17,46,37,765
1,-9.10,1.18,-2.47,0,17,46,37,835
1,-9.10,1.22,-2.47,0,17,46,37,905
1,-9.02,1.10,-2.16,0,17,46,37,974
1,-8.87,1.14,-2.00,0,17,46,38,54
1,-8.90,1.14,-2.31,0,17,46,38,122
1,-9.26,1.14,-2.24,0,17,46,38,192
1,-9.10,1.10,-2.39,0,17,46,38,264
1,-9.18,1.14,-2.24,0,17,46,38,334
1,-8.90,1.26,-2.24,0,17,46,38,405
1,-9.18,1.22,-2.16,0,17,46,38,475
1,-9.10,0.94,-2.55,0,17,46,38,565
1,-9.02,1.26,-2.08,0,17,46,38,637
1,-9.14,1.18,-2.31,0,17,46,38,708
1,-9.06,1.14,-2.55,0,17,46,38,776
1,-9.10,1.06,-2.08,0,17,46,38,847
1,-8.98,1.41,-2.43,0,17,46,38,918
1,-8.87,1.45,-2.28,0,17,46,38,988
1,-9.38,1.10,-2.43,0,17,46,39,59
1,-9.14,1.22,-2.20,0,17,46,39,128
1,-9.06,1.22,-2.28,0,17,46,39,196
1,-9.02,1.22,-2.20,0,17,46,39,265
1,-9.02,1.26,-2.31,0,17,46,39,334
1,-9.06,1.10,-2.39,0,17,46,39,403
1,-8.94,1.10,-2.35,0,17,46,39,472
1,-9.18,1.02,-2.35,0,17,46,39,542
1,-9.14,1.02,-2.35,0,17,46,39,613
1,-9.14,1.10,-2.35,0,17,46,39,717
1,-8.98,1.02,-2.28,0,17,46,39,801
1,-8.94,0.98,-2.28,0,17,46,39,880
1,-9.06,1.06,-2.16,0,17,46,39,996
1,-8.83,1.18,-2.28,0,17,46,40,65
1,-9.06,1.10,-1.88,0,17,46,40,140
1,-9.14,1.10,-2.20,0,17,46,40,210
1,-9.14,1.02,-2.28,0,17,46,40,279
1,-9.14,1.02,-2.04,0,17,46,40,348
1,-8.98,1.02,-2.24,0,17,46,40,440
1,-9.06,1.02,-2.08,0,17,46,40,509
1,-9.26,0.98,-2.20,0,17,46,40,583
1,-9.02,1.10,-2.28,0,17,46,40,653
1,-9.18,1.18,-2.12,0,17,46,40,721
1,-9.14,0.98,-2.12,0,17,46,40,788
1,-9.10,0.98,-2.08,0,17,46,40,858
1,-9.02,1.02,-2.04,0,17,46,40,926
1,-9.14,0.90,-2.28,0,17,46,40,995
1,-9.22,1.06,-1.96,0,17,46,41,92
1,-9.18,1.06,-2.08,0,17,46,41,161
1,-9.18,0.94,-2.08,0,17,46,41,231
1,-9.10,0.94,-2.12,0,17,46,41,300
1,-9.18,1.06,-2.20,0,17,46,41,371
1,-9.14,1.06,-2.12,0,17,46,41,442
1,-9.14,1.10,-2.16,0,17,46,41,511
1,-9.22,1.22,-2.24,0,17,46,41,585
1,-9.41,1.02,-2.35,0,17,46,41,662
1,-9.10,1.14,-2.12,0,17,46,41,735
1,-8.94,1.14,-1.80,0,17,46,41,811
1,-9.10,1.18,-1.80,0,17,46,41,881
1,-9.18,1.14,-2.20,0,17,46,41,952
1,-9.34,1.06,-1.96,0,17,46,42,23
1,-9.26,0.94,-2.20,0,17,46,42,90
1,-9.06,1.26,-2.16,0,17,46,42,172
1,-9.06,1.14,-2.08,0,17,46,42,240
1,-9.14,1.10,-1.96,0,17,46,42,308
1,-9.18,1.02,-2.20,0,17,46,42,378
1,-9.26,0.98,-2.16,0,17,46,42,446
1,-8.94,1.06,-2.12,0,17,46,42,514
1,-8.98,1.10,-2.24,0,17,46,42,583
1,-9.14,1.10,-2.04,0,17,46,42,657
1,-9.14,1.10,-2.35,0,17,46,42,725
1,-9.18,1.06,-2.00,0,17,46,42,796
1,-9.14,0.94,-2.16,0,17,46,42,865
1,-9.22,1.06,-2.04,0,17,46,42,936
1,-9.02,1.10,-2.24,0,17,46,43,4
1,-9.02,1.14,-2.04,0,17,46,43,72
1,-9.14,0.98,-2.12,0,17,46,43,142
1,-9.06,1.06,-2.16,0,17,46,43,209
1,-9.14,1.10,-2.39,0,17,46,43,277
1,-8.87,1.37,-2.04,0,17,46,43,347
1,-9.26,1.10,-1.80,0,17,46,43,416
1,-9.26,1.18,-2.12,0,17,46,43,486
1,-9.10,1.22,-1.80,0,17,46,43,556
1,-9.34,0.98,-2.04,0,17,46,43,627
1,-9.18,0.82,-2.39,0,17,46,43,713
1,-9.14,0.86,-2.16,0,17,46,43,782
1,-9.02,1.18,-2.28,0,17,46,43,849
1,-9.26,1.02,-2.28,0,17,46,43,921
1,-9.22,0.82,-2.47,0,17,46,43,989
1,-9.10,1.22,-2.16,0,17,46,44,58
1,-9.02,1.37,-2.04,0,17,46,44,126
1,-9.18,0.98,-2.31,0,17,46,44,196
1,-8.98,1.33,-2.16,0,17,46,44,267
1,-9.06,1.45,-1.96,0,17,46,44,335
1,-9.14,1.18,-2.04,0,17,46,44,405
1,-9.22,1.06,-2.08,0,17,46,44,485
1,-9.10,1.10,-2.24,0,17,46,44,557
1,-9.10,1.29,-2.04,0,17,46,44,626
1,-9.18,1.06,-2.12,0,17,46,44,696
1,-9.10,0.98,-2.08,0,17,46,44,770
1,-8.94,1.06,-2.12,0,17,46,44,840
1,-9.02,1.10,-2.04,0,17,46,44,908
1,-9.18,1.10,-2.08,0,17,46,44,978
1,-9.30,0.86,-2.28,0,17,46,45,67
1,-9.22,0.94,-2.04,0,17,46,45,141
1,-9.06,1.06,-1.96,0,17,46,45,209
1,-9.06,1.02,-2.12,0,17,46,45,279
1,-9.34,1.02,-2.20,0,17,46,45,350
1,-9.14,0.98,-2.47,0,17,46,45,420
1,-9.14,1.06,-1.84,0,17,46,45,490
1,-9.06,1.14,-2.00,0,17,46,45,560
1,-9.14,1.10,-2.04,0,17,46,45,630
1,-9.22,1.18,-2.12,0,17,46,45,706
1,-9.14,1.10,-2.31,0,17,46,45,775
1,-9.14,1.18,-2.12,0,17,46,45,845
1,-9.18,1.10,-2.08,0,17,46,45,919
1,-9.14,1.14,-2.08,0,17,46,45,987
1,-9.26,1.02,-2.04,0,17,46,46,58
1,-9.22,1.10,-2.08,0,17,46,46,127
1,-9.14,1.33,-2.04,0,17,46,46,195
1,-9.02,1.14,-2.35,0,17,46,46,266
1,-9.26,1.26,-1.80,0,17,46,46,335
1,-9.30,1.06,-2.00,0,17,46,46,402
1,-9.02,1.29,-2.08,0,17,46,46,471
1,-9.06,1.22,-2.24,0,17,46,46,539
1,-9.26,1.02,-1.80,0,17,46,46,609
1,-9.26,1.45,-2.75,0,17,46,46,679
1,-9.06,1.29,-2.16,0,17,46,46,753
1,-9.22,1.02,-2.04,0,17,46,46,821
1,-9.22,1.26,-1.61,0,17,46,46,889
1,-9.06,1.10,-2.28,0,17,46,46,956
1,-9.14,1.26,-2.35,0,17,46,47,26
1,-9.06,1.14,-2.28,0,17,46,47,95
1,-9.14,1.10,-2.28,0,17,46,47,172
1,-9.18,1.10,-2.28,0,17,46,47,241
1,-9.02,1.18,-2.31,0,17,46,47,310
1,-9.10,1.22,-2.28,0,17,46,47,379
1,-9.14,1.10,-2.24,0,17,46,47,449
1,-9.14,1.10,-2.24,0,17,46,47,522
1,-9.10,1.10,-2.16,0,17,46,47,590
1,-9.10,1.22,-2.04,0,17,46,47,668
1,-9.10,1.22,-2.08,0,17,46,47,739
1,-9.14,1.02,-2.28,0,17,46,47,812
1,-9.02,1.14,-2.16,0,17,46,47,881
1,-9.18,1.22,-2.08,0,17,46,47,950
1,-9.14,1.06,-2.39,0,17,46,48,22
1,-9.30,1.14,-2.04,0,17,46,48,90
1,-8.98,1.29,-2.08,0,17,46,48,162
1,-8.98,1.29,-1.92,0,17,46,48,232
1,-9.10,1.10,-2.04,0,17,46,48,300
1,-9.34,1.10,-2.39,0,17,46,48,370
1,-9.02,0.98,-2.31,0,17,46,48,441
1,-9.02,1.22,-1.92,0,17,46,48,512
1,-9.02,1.10,-2.28,0,17,46,48,624
1,-9.02,1.10,-2.12,0,17,46,48,703
1,-9.18,1.10,-2.24,0,17,46,48,773
1,-9.22,1.14,-2.35,0,17,46,48,845
1,-9.14,1.18,-2.20,0,17,46,48,914
1,-9.18,1.18,-2.12,0,17,46,48,981
1,-9.02,1.10,-2.20,0,17,46,49,49
1,-9.02,1.14,-2.20,0,17,46,49,118
1,-9.26,1.06,-2.04,0,17,46,49,186
1,-9.22,1.22,-2.08,0,17,46,49,259
1,-9.26,1.06,-2.04,0,17,46,49,331
1,-9.18,1.02,-2.12,0,17,46,49,400
1,-9.18,1.18,-2.20,0,17,46,49,468
1,-9.18,1.18,-2.00,0,17,46,49,538
1,-9.18,1.18,-2.00,0,17,46,49,605
1,-9.10,1.33,-2.20,0,17,46,49,680
1,-9.22,1.22,-1.73,0,17,46,49,750
1,-9.41,1.14,-2.59,0,17,46,49,820
1,-8.87,1.53,-2.24,0,17,46,49,889
1,-9.18,1.18,-1.96,0,17,46,49,959
1,-9.38,1.10,-2.08,0,17,46,50,29
1,-9.10,1.22,-2.12,0,17,46,50,115
1,-9.06,1.18,-2.20,0,17,46,50,184
1,-9.18,1.10,-2.24,0,17,46,50,253
1,-9.14,1.22,-2.35,0,17,46,50,322
1,-9.10,1.22,-2.31,0,17,46,50,391
1,-9.06,1.18,-2.04,0,17,46,50,470
1,-9.18,1.18,-2.00,0,17,46,50,544
1,-8.94,1.22,-2.31,0,17,46,50,647
1,-9.14,1.10,-2.20,0,17,46,50,716
1,-9.06,1.22,-2.04,0,17,46,50,786
1,-9.06,1.22,-2.12,0,17,46,50,855
1,-9.14,1.18,-2.28,0,17,46,50,925
1,-9.10,1.14,-2.08,0,17,46,50,995
1,-9.22,1.18,-2.12,0,17,46,51,65
1,-9.14,1.22,-2.16,0,17,46,51,138
1,-9.14,1.18,-2.20,0,17,46,51,207
1,-9.10,1.26,-2.08,0,17,46,51,277
1,-9.18,1.18,-2.24,0,17,46,51,348
1,-9.06,1.18,-2.12,0,17,46,51,415
1,-9.14,1.14,-2.28,0,17,46,51,491
1,-9.10,1.22,-2.20,0,17,46,51,577
1,-9.14,1.18,-2.24,0,17,46,51,645
1,-9.02,1.26,-2.28,0,17,46,51,714
1,-9.06,1.22,-2.20,0,17,46,51,784
1,-9.14,1.22,-2.04,0,17,46,51,852
1,-9.10,1.10,-2.24,0,17,46,51,924
1,-9.10,1.14,-2.16,0,17,46,51,997
1,-9.14,1.22,-2.04,0,17,46,52,67
1,-9.14,1.18,-2.20,0,17,46,52,135
1,-9.06,1.22,-2.20,0,17,46,52,204
1,-9.10,1.18,-2.12,0,17,46,52,273
1,-9.10,1.02,-2.28,0,17,46,52,342
1,-9.06,1.18,-2.31,0,17,46,52,409
1,-9.10,1.18,-2.35,0,17,46,52,478
1,-9.06,1.14,-2.31,0,17,46,52,547
1,-9.06,1.14,-2.24,0,17,46,52,615
1,-9.02,1.18,-2.16,0,17,46,52,683
1,-9.14,1.18,-2.24,0,17,46,52,752
1,-9.02,1.14,-2.28,0,17,46,52,821
1,-9.18,1.10,-2.35,0,17,46,52,889
1,-9.02,1.14,-1.92,0,17,46,52,960
1,-9.14,1.18,-2.63,0,17,46,53,29
1,-8.98,1.26,-2.47,0,17,46,53,115
1,-8.98,1.14,-2.12,0,17,46,53,186
1,-9.14,1.02,-2.24,0,17,46,53,254
1,-9.10,1.02,-2.24,0,17,46,53,329
1,-9.10,1.06,-2.24,0,17,46,53,398
1,-9.06,1.06,-2.39,0,17,46,53,473
1,-9.02,0.98,-2.28,0,17,46,53,544
1,-8.98,1.10,-2.16,0,17,46,53,613
1,-9.10,1.02,-2.28,0,17,46,53,689
1,-8.98,1.10,-2.39,0,17,46,53,759
1,-9.14,1.06,-2.31,0,17,46,53,828
1,-9.10,1.06,-2.28,0,17,46,53,901
1,-9.10,1.14,-2.28,0,17,46,54,4
1,-9.06,1.10,-2.16,0,17,46,54,75
1,-9.06,1.02,-2.20,0,17,46,54,143
1,-9.10,1.02,-2.20,0,17,46,54,212
1,-9.06,1.10,-2.28,0,17,46,54,281
1,-9.10,1.10,-2.28,0,17,46,54,349
1,-9.10,1.06,-2.24,0,17,46,54,424
1,-8.98,1.14,-2.28,0,17,46,54,493
1,-9.10,1.10,-2.16,0,17,46,54,562
1,-9.26,1.02,-2.35,0,17,46,54,632
1,-8.94,1.18,-2.16,0,17,46,54,701
1,-9.06,1.14,-2.28,0,17,46,54,769
1,-9.06,1.06,-2.20,0,17,46,54,838
1,-9.10,1.10,-2.24,0,17,46,54,906
1,-9.14,1.14,-2.28,0,17,46,54,975
1,-9.10,1.02,-2.24,0,17,46,55,46
1,-9.10,1.10,-2.20,0,17,46,55,115
1,-9.06,1.06,-2.28,0,17,46,55,184
1,-9.14,1.10,-2.24,0,17,46,55,254
1,-9.18,1.06,-2.20,0,17,46,55,324
1,-9.02,1.10,-2.20,0,17,46,55,403
1,-9.02,1.18,-2.08,0,17,46,55,475
1,-9.18,1.10,-2.39,0,17,46,55,543
1,-9.10,0.98,-2.35,0,17,46,55,612
1,-8.98,1.10,-2.16,0,17,46,55,680
1,-9.18,1.02,-2.12,0,17,46,55,749
1,-9.14,0.98,-2.12,0,17,46,55,817
1,-9.06,1.10,-2.24,0,17,46,55,885
1,-9.02,1.06,-2.20,0,17,46,55,970
1,-9.22,1.02,-2.08,0,17,46,56,39
1,-9.14,1.10,-2.28,0,17,46,56,108
1,-9.10,1.10,-2.16,0,17,46,56,176
1,-9.14,1.10,-2.08,0,17,46,56,248
1,-9.06,1.02,-2.20,0,17,46,56,318
1,-9.14,1.26,-2.08,0,17,46,56,386
1,-9.18,1.10,-2.12,0,17,46,56,455
1,-9.14,1.06,-2.31,0,17,46,56,524
1,-9.06,1.22,-2.31,0,17,46,56,594
1,-9.14,1.14,-2.24,0,17,46,56,663
1,-9.14,1.10,-2.08,0,17,46,56,736
1,-9.14,1.06,-2.20,0,17,46,56,806
1,-9.10,1.06,-2.20,0,17,46,56,875
1,-9.10,1.06,-2.24,0,17,46,56,946
1,-9.10,1.10,-2.08,0,17,46,57,15
1,-9.14,1.06,-2.24,0,17,46,57,84
1,-9.18,1.06,-2.28,0,17,46,57,153
1,-9.06,1.10,-2.20,0,17,46,57,223
1,-9.10,1.10,-2.24,0,17,46,57,292
1,-9.10,1.06,-2.20,0,17,46,57,361
1,-9.06,1.10,-2.24,0,17,46,57,429
1,-9.14,1.02,-2.20,0,17,46,57,498
1,-9.06,1.10,-2.28,0,17,46,57,567
1,-9.10,1.14,-2.24,0,17,46,57,637
1,-9.14,1.02,-2.28,0,17,46,57,706
1,-9.10,1.02,-2.28,0,17,46,57,801
1,-9.06,1.10,-2.24,0,17,46,57,882
1,-9.06,1.10,-2.16,0,17,46,57,959
1,-9.14,1.10,-2.28,0,17,46,58,28
1,-9.14,1.06,-2.31,0,17,46,58,96
1,-9.14,1.06,-2.20,0,17,46,58,176
1,-9.14,1.06,-2.16,0,17,46,58,246
1,-9.06,1.18,-2.20,0,17,46,58,318
1,-9.14,1.10,-2.20,0,17,46,58,399
1,-9.14,1.14,-2.12,0,17,46,58,472
1,-9.18,1.06,-2.31,0,17,46,58,542
1,-9.02,1.10,-2.35,0,17,46,58,610
1,-8.98,1.14,-2.20,0,17,46,58,683
1,-9.14,1.10,-2.16,0,17,46,58,761
1,-9.14,1.18,-2.24,0,17,46,58,829
1,-9.06,1.22,-2.12,0,17,46,58,898
1,-9.06,1.18,-2.28,0,17,46,58,967
1,-9.10,1.10,-2.31,0,17,46,59,40
1,-9.18,1.06,-2.28,0,17,46,59,109
1,-9.10,1.06,-2.16,0,17,46,59,177
1,-9.10,1.14,-2.12,0,17,46,59,247
1,-9.14,1.06,-2.08,0,17,46,59,320
1,-9.06,0.98,-2.00,0,17,46,59,388
1,-9.14,1.02,-2.20,0,17,46,59,457
1,-9.14,1.06,-2.16,0,17,46,59,526
1,-9.10,1.18,-2.24,0,17,46,59,606
1,-9.10,1.06,-2.24,0,17,46,59,675
1,-9.14,1.06,-2.12,0,17,46,59,743
1,-9.06,1.10,-2.12,0,17,46,59,811
1,-9.14,1.10,-2.12,0,17,46,59,880
1,-9.18,1.02,-2.12,0,17,46,59,949
1,-9.06,1.10,-2.04,0,17,47,0,17
1,-9.14,1.18,-2.16,0,17,47,0,87
1,-9.14,1.06,-2.20,0,17,47,0,154
1,-9.18,1.10,-2.16,0,17,47,0,224
1,-9.14,1.14,-2.04,0,17,47,0,292
1,-9.18,1.10,-2.08,0,17,47,0,365
1,-9.18,0.98,-2.04,0,17,47,0,434
1,-9.10,1.02,-2.04,0,17,47,0,503
1,-9.18,1.10,-2.16,0,17,47,0,577
1,-9.10,1.14,-2.12,0,17,47,0,646
1,-9.14,1.10,-2.12,0,17,47,0,716
1,-9.22,1.02,-2.16,0,17,47,0,786
1,-9.06,1.18,-2.08,0,17,47,0,857
1,-9.14,1.10,-2.12,0,17,47,0,930
1,-9.06,1.10,-2.12,0,17,47,1,4
1,-9.14,1.14,-2.12,0,17,47,1,74
1,-9.06,1.06,-2.31,0,17,47,1,154
1,-9.14,1.10,-2.08,0,17,47,1,224
1,-9.14,1.14,-2.08,0,17,47,1,293
1,-9.18,1.14,-2.08,0,17,47,1,361
1,-9.18,1.10,-2.04,0,17,47,1,433
1,-9.18,1.02,-2.08,0,17,47,1,502
1,-9.06,1.22,-2.08,0,17,47,1,572
1,-9.22,1.10,-2.24,0,17,47,1,642
1,-9.22,1.02,-2.08,0,17,47,1,710
1,-9.10,1.10,-2.08,0,17,47,1,785
1,-9.10,1.02,-2.04,0,17,47,1,867
1,-9.14,1.06,-2.20,0,17,47,1,940
1,-9.14,1.10,-2.16,0,17,47,2,10
1,-9.06,1.10,-2.20,0,17,47,2,79
1,-9.18,1.10,-2.08,0,17,47,2,148
1,-9.14,1.06,-2.04,0,17,47,2,217
1,-9.14,1.10,-2.08,0,17,47,2,286
1,-9.10,1.10,-2.08,0,17,47,2,356
1,-9.06,1.14,-2.00,0,17,47,2,426
1,-9.22,0.98,-2.00,0,17,47,2,496
1,-9.18,1.10,-2.08,0,17,47,2,566
1,-9.14,1.14,-2.20,0,17,47,2,655
1,-9.22,1.06,-2.08,0,17,47,2,740
1,-9.18,1.10,-2.12,0,17,47,2,810
1,-9.14,1.02,-2.12,0,17,47,2,879
1,-9.06,1.10,-2.12,0,17,47,2,951
1,-9.10,1.14,-2.00,0,17,47,3,19
1,-9.22,1.02,-2.20,0,17,47,3,90
1,-9.22,0.94,-2.24,0,17,47,3,160
1,-9.02,1.14,-2.12,0,17,47,3,230
1,-8.98,1.14,-2.04,0,17,47,3,301
1,-9.18,0.98,-2.08,0,17,47,3,369
1,-9.18,0.94,-2.20,0,17,47,3,442
1,-9.18,1.02,-2.16,0,17,47,3,512
1,-9.14,1.10,-2.16,0,17,47,3,582
1,-9.18,1.10,-2.16,0,17,47,3,652
1,-9.10,1.02,-2.00,0,17,47,3,720
1,-9.18,1.06,-2.00,0,17,47,3,789
1,-9.18,1.06,-2.08,0,17,47,3,858
1,-9.10,1.10,-2.12,0,17,47,3,929
1,-9.18,1.06,-2.12,0,17,47,3,999
1,-9.18,1.06,-2.08,0,17,47,4,67
1,-9.18,1.06,-2.12,0,17,47,4,137
1,-9.14,1.10,-2.20,0,17,47,4,216
1,-9.10,1.10,-2.20,0,17,47,4,284
1,-9.14,1.06,-2.04,0,17,47,4,354
1,-9.14,1.02,-2.04,0,17,47,4,421
1,-9.14,1.02,-2.04,0,17,47,4,490
1,-9.14,1.10,-2.20,0,17,47,4,559
1,-9.18,1.06,-2.24,0,17,47,4,629
1,-9.14,1.14,-2.16,0,17,47,4,698
1,-9.22,0.98,-2.24,0,17,47,4,781
1,-9.10,1.06,-2.04,0,17,47,4,852
1,-9.10,1.10,-2.00,0,17,47,4,925
1,-9.14,1.06,-2.12,0,17,47,4,992
1,-9.18,1.14,-2.16,0,17,47,5,66
1,-9.14,1.10,-2.08,0,17,47,5,136
1,-9.14,1.06,-2.00,0,17,47,5,204
1,-9.18,1.02,-2.16,0,17,47,5,273
1,-9.06,1.10,-2.04,0,17,47,5,343
1,-9.14,1.02,-2.24,0,17,47,5,412
1,-9.10,1.10,-2.28,0,17,47,5,485
1,-9.10,0.98,-2.20,0,17,47,5,553
1,-9.14,1.06,-2.00,0,17,47,5,622
1,-9.18,1.06,-2.08,0,17,47,5,689
1,-8.94,0.90,-2.20,0,17,47,5,774
1,-9.02,1.06,-2.16,0,17,47,5,843
1,-9.14,1.06,-2.04,0,17,47,5,912
1,-9.14,1.02,-2.08,0,17,47,5,981
1,-9.14,1.02,-2.00,0,17,47,6,50
1,-9.14,1.02,-2.24,0,17,47,6,125
1,-9.18,1.10,-2.20,0,17,47,6,194
1,-9.14,1.10,-2.00,0,17,47,6,269
1,-9.26,0.86,-2.12,0,17,47,6,338
1,-9.14,1.10,-2.16,0,17,47,6,408
1,-9.14,1.10,-2.04,0,17,47,6,476
1,-9.22,1.06,-1.92,0,17,47,6,546
1,-9.26,0.98,-2.16,0,17,47,6,615
1,-9.14,1.10,-2.04,0,17,47,6,687
1,-9.06,1.18,-2.04,0,17,47,6,757
1,-9.18,1.10,-2.00,0,17,47,6,831
1,-9.34,0.94,-2.12,0,17,47,6,902
1,-9.18,1.06,-2.08,0,17,47,6,971
1,-9.22,1.10,-1.92,0,17,47,7,40
1,-9.06,1.14,-1.96,0,17,47,7,108
1,-9.14,1.10,-2.04,0,17,47,7,180
1,-9.14,1.10,-2.00,0,17,47,7,249
1,-9.26,0.98,-2.04,0,17,47,7,318
1,-9.14,1.10,-2.04,0,17,47,7,385
1,-9.14,1.10,-2.04,0,17,47,7,457
1,-9.22,1.06,-1.88,0,17,47,7,526
1,-9.26,1.06,-2.08,0,17,47,7,594
1,-9.18,1.10,-2.12,0,17,47,7,673
1,-9.18,1.02,-2.00,0,17,47,7,743
1,-9.26,0.90,-2.12,0,17,47,7,813
1,-9.26,0.94,-2.12,0,17,47,7,882
1,-9.14,1.02,-2.04,0,17,47,7,951
1,-9.14,0.94,-1.96,0,17,47,8,20
1,-9.14,0.98,-1.92,0,17,47,8,90
1,-9.10,0.98,-1.84,0,17,47,8,174
1,-9.22,0.94,-2.04,0,17,47,8,242
1,-9.18,1.02,-2.08,0,17,47,8,321
1,-9.10,1.02,-2.00,0,17,47,8,389
1,-9.02,0.90,-1.96,0,17,47,8,461
1,-8.55,0.94,-1.65,0,17,47,8,528
1,-7.77,0.94,-1.26,0,17,47,8,598
1,-7.65,1.41,-1.45,0,17,47,8,668
1,-6.98,1.26,-2.08,0,17,47,8,743
1,-7.34,1.02,-2.75,0,17,47,8,823
1,-8.67,1.18,-4.28,0,17,47,8,892
1,-9.34,0.82,-5.18,0,17,47,8,959
1,-8.98,0.67,-4.79,0,17,47,9,29
1,-8.08,1.10,-5.81,0,17,47,9,98
1,-7.45,1.37,-5.26,0,17,47,9,171
1,-7.30,1.29,-4.79,0,17,47,9,242
1,-6.94,1.65,-5.22,0,17,47,9,312
1,-6.55,2.00,-5.96,0,17,47,9,382
1,-6.55,2.00,-5.92,0,17,47,9,464
1,-6.24,1.65,-6.47,0,17,47,9,534
1,-6.08,1.45,-6.04,0,17,47,9,612
1,-6.24,0.94,-5.77,0,17,47,9,695
1,-6.08,1.45,-5.49,0,17,47,9,765
1,-5.84,1.29,-6.08,0,17,47,9,835
1,-5.92,1.14,-6.24,0,17,47,9,906
1,-6.08,0.98,-6.00,0,17,47,9,978
1,-6.16,0.94,-6.12,0,17,47,10,47
1,-6.12,0.90,-5.88,0,17,47,10,116
1,-5.88,0.86,-6.16,0,17,47,10,200
1,-5.88,0.86,-5.81,0,17,47,10,272
1,-6.08,0.94,-5.53,0,17,47,10,340
1,-6.16,0.86,-5.65,0,17,47,10,410
1,-6.08,0.86,-6.20,0,17,47,10,479
1,-6.12,0.82,-6.00,0,17,47,10,549
1,-6.08,0.75,-5.81,0,17,47,10,619
1,-5.84,0.78,-5.73,0,17,47,10,688
1,-5.81,0.90,-5.49,0,17,47,10,759
1,-5.81,1.29,-6.16,0,17,47,10,827
1,-5.84,1.49,-6.59,0,17,47,10,903
1,-5.61,1.29,-6.35,0,17,47,10,972
1,-5.84,1.10,-6.12,0,17,47,11,41
1,-5.53,1.22,-6.08,0,17,47,11,110
1,-5.77,1.06,-6.35,0,17,47,11,179
1,-5.45,1.10,-6.04,0,17,47,11,249
1,-5.65,0.94,-5.96,0,17,47,11,318
1,-5.77,0.82,-6.24,0,17,47,11,388
1,-5.69,0.82,-6.20,0,17,47,11,456
1,-5.69,1.18,-6.00,0,17,47,11,535
1,-5.61,1.06,-6.28,0,17,47,11,604
1,-5.69,1.06,-6.28,0,17,47,11,673

