1,-6.08,0.55,-5.96,0,17,42,17,702
1,-5.96,0.39,-5.84,0,17,42,18,770
1,-5.96,0.04,-5.84,0,17,42,19,844
1,-6.08,0.24,-5.77,0,17,42,20,914
1,-6.16,0.20,-5.69,0,17,42,21,983
1,-6.08,0.08,-5.84,0,17,42,22,53
1,-6.24,0.31,-5.81,0,17,42,23,122
1,-6.24,0.24,-5.73,0,17,42,24,191
1,-6.32,0.35,-5.73,0,17,42,25,260
1,-6.24,0.39,-5.81,0,17,42,26,329
1,-6.24,0.39,-5.69,0,17,42,27,398
1,-6.28,0.16,-5.84,0,17,42,28,468
1,-6.32,0.12,-5.69,0,17,42,29,541
1,-6.28,0.00,-5.65,0,17,42,30,608
1,-6.47,-0.12,-5.69,0,17,42,31,681
1,-6.51,0.27,-5.65,0,17,42,32,759
1,-6.32,0.55,-5.57,0,17,42,33,827
1,-6.32,0.39,-5.45,0,17,42,34,897
1,-6.47,0.24,-5.57,0,17,42,35,965
1,-6.51,0.31,-5.57,0,17,42,36,32
1,-6.55,0.35,-5.53,0,17,42,37,104
1,-6.51,0.27,-5.41,0,17,42,38,173
1,-6.59,0.16,-5.53,0,17,42,39,240
1,-6.51,0.27,-5.41,0,17,42,40,308
1,-6.43,0.16,-5.33,0,17,42,41,377
1,-6.35,0.08,-5.49,0,17,42,42,445
1,-6.55,0.51,-4.94,0,17,42,43,513
1,-6.55,0.35,-5.14,0,17,42,44,583
1,-6.51,0.51,-5.92,0,17,42,45,652
1,-6.51,0.47,-6.12,0,17,42,46,727
1,-6.39,0.47,-5.84,0,17,42,47,796
1,-6.39,0.43,-5.65,0,17,42,48,864
1,-6.39,0.51,-5.37,0,17,42,49,955
1,-6.32,0.31,-5.73,0,17,42,50,27
1,-6.04,0.08,-5.84,0,17,42,51,95
1,-6.28,0.08,-5.96,0,17,42,52,178
1,-6.24,0.67,-5.88,0,17,42,53,247
1,-6.12,0.43,-6.16,0,17,42,54,319
1,-6.04,0.24,-5.88,0,17,42,55,388
1,-5.96,0.12,-6.12,0,17,42,56,465
1,-6.12,0.04,-5.61,0,17,42,57,532
1,-6.04,0.31,-5.81,0,17,42,58,600
1,-6.08,0.00,-6.08,0,17,42,59,670
1,-6.12,0.20,-6.28,0,17,43,0,745
1,-5.96,0.35,-5.96,0,17,43,1,814
1,-5.81,0.20,-6.20,0,17,43,2,882
1,-5.37,0.71,-5.81,0,17,43,3,951
1,-5.61,0.35,-6.00,0,17,43,4,21
1,-6.28,0.39,-6.24,0,17,43,5,89
1,-5.77,0.39,-6.12,0,17,43,6,157
1,-5.69,0.20,-6.08,0,17,43,7,227
1,-5.65,0.04,-6.35,0,17,43,8,296
1,-5.65,0.08,-6.28,0,17,43,9,365
1,-5.49,0.31,-6.00,0,17,43,10,434
1,-5.57,0.20,-6.43,0,17,43,11,503
1,-5.53,0.16,-6.28,0,17,43,12,572
1,-5.57,0.08,-6.16,0,17,43,13,642
1,-5.45,-0.04,-6.12,0,17,43,14,711
1,-5.53,-0.08,-6.24,0,17,43,15,779
1,-5.61,0.08,-6.24,0,17,43,16,847
1,-5.49,0.04,-6.39,0,17,43,17,918
1,-5.61,-0.04,-6.16,0,17,43,18,987
1,-5.45,0.00,-6.43,0,17,43,19,58
1,-5.57,0.12,-5.81,0,17,43,20,130
1,-5.45,0.16,-6.51,0,17,43,21,199
1,-5.49,0.00,-6.16,0,17,43,22,268
1,-5.53,0.04,-6.35,0,17,43,23,337
1,-5.57,0.08,-6.43,0,17,43,24,406
1,-5.61,0.04,-6.20,0,17,43,25,476
1,-5.61,0.04,-6.12,0,17,43,26,548
1,-5.57,0.16,-6.08,0,17,43,27,617
1,-5.69,0.00,-6.20,0,17,43,28,685
1,-5.61,0.08,-6.08,0,17,43,29,760
1,-5.65,0.04,-6.43,0,17,43,30,829
1,-5.65,-0.04,-6.12,0,17,43,31,897
1,-5.69,0.08,-6.16,0,17,43,32,965
1,-5.77,0.08,-6.16,0,17,43,33,34
1,-5.65,0.08,-6.16,0,17,43,34,105
1,-5.73,0.04,-6.08,0,17,43,35,173
1,-5.73,0.16,-6.16,0,17,43,36,242
1,-5.81,0.04,-6.08,0,17,43,37,313
1,-5.81,0.04,-6.08,0,17,43,38,381
1,-5.84,0.08,-6.04,0,17,43,39,451
1,-5.84,0.12,-6.24,0,17,43,40,520
1,-5.96,0.12,-5.96,0,17,43,41,588
1,-5.96,0.12,-5.88,0,17,43,42,658
1,-6.00,0.04,-5.92,0,17,43,43,729
1,-5.92,0.08,-5.77,0,17,43,44,798
1,-6.08,0.12,-5.77,0,17,43,45,866
1,-6.08,0.12,-5.92,0,17,43,46,947
1,-6.04,0.20,-6.04,0,17,43,47,16
1,-6.12,0.12,-5.96,0,17,43,48,84
1,-6.08,0.12,-5.73,0,17,43,49,165
1,-6.08,0.12,-5.92,0,17,43,50,233
1,-6.16,-0.04,-5.53,0,17,43,51,302
1,-6.20,-0.24,-5.45,0,17,43,52,372
1,-5.69,0.16,-6.35,0,17,43,53,440
1,-5.84,0.04,-6.75,0,17,43,54,508
1,-5.96,0.00,-6.08,0,17,43,55,576
1,-6.32,-0.67,-5.77,0,17,43,56,647
1,-5.81,0.00,-5.65,0,17,43,57,716
1,-6.00,-0.04,-6.12,0,17,43,58,786
1,-5.69,0.04,-6.00,0,17,43,59,862
1,-5.30,0.43,-6.04,0,17,44,0,931
1,-5.92,0.16,-5.61,0,17,44,1,2
1,-6.24,-0.51,-5.96,0,17,44,2,69
1,-5.81,-0.43,-5.92,0,17,44,3,138
1,-5.77,0.43,-6.55,0,17,44,4,206
1,-5.65,0.04,-7.06,0,17,44,5,275
1,-5.65,-0.16,-6.43,0,17,44,6,344
1,-5.88,-0.04,-5.96,0,17,44,7,413
1,-5.57,-0.04,-5.61,0,17,44,8,482
1,-5.73,-0.78,-5.53,0,17,44,9,562
1,-5.73,-0.59,-5.77,0,17,44,10,634
1,-6.28,-0.55,-5.81,0,17,44,11,701
1,-6.28,-0.08,-6.24,0,17,44,12,771
1,-6.04,0.04,-6.24,0,17,44,13,841
1,-5.81,-0.08,-6.04,0,17,44,14,912
1,-6.04,-0.24,-5.77,0,17,44,15,980
1,-6.08,-0.35,-5.88,0,17,44,16,49
1,-5.81,-0.20,-5.57,0,17,44,17,117
1,-6.00,-0.16,-5.92,0,17,44,18,186
1,-5.77,-0.08,-6.00,0,17,44,19,264
1,-5.84,0.04,-6.43,0,17,44,20,335
1,-5.81,0.08,-6.43,0,17,44,21,402
1,-5.77,-0.20,-6.12,0,17,44,22,472
1,-5.88,-0.39,-5.77,0,17,44,23,539
1,-6.04,-0.39,-5.45,0,17,44,24,607
1,-5.92,-0.27,-5.65,0,17,44,25,675
1,-5.96,-0.12,-5.81,0,17,44,26,745
1,-5.69,-0.20,-5.92,0,17,44,27,818
1,-5.96,-0.20,-6.20,0,17,44,28,888
1,-6.00,-0.51,-6.00,0,17,44,29,956
1,-6.00,-0.47,-6.20,0,17,44,30,26
1,-5.81,-0.24,-6.32,0,17,44,31,95
1,-5.73,-0.20,-6.00,0,17,44,32,166
1,-5.69,-0.16,-5.73,0,17,44,33,234
1,-5.73,-0.20,-6.08,0,17,44,34,304
1,-5.69,-0.43,-6.20,0,17,44,35,383
1,-5.53,-0.24,-5.92,0,17,44,36,451
1,-5.73,-0.47,-5.96,0,17,44,37,515
1,-5.57,-0.12,-5.96,0,17,44,38,607
1,-5.14,1.22,-5.61,0,17,44,39,675
1,-6.04,0.00,-6.47,0,17,44,40,745
1,-6.00,0.00,-6.47,0,17,44,41,813
1,-5.88,-0.04,-6.32,0,17,44,42,882
1,-5.81,-0.04,-6.20,0,17,44,43,951
1,-5.88,0.00,-5.92,0,17,44,44,21
1,-5.92,0.16,-5.84,0,17,44,45,90
1,-5.69,0.08,-6.20,0,17,44,46,173
1,-5.61,0.04,-6.32,0,17,44,47,254
1,-5.73,0.08,-6.32,0,17,44,48,323
1,-5.61,0.12,-6.32,0,17,44,49,391
1,-5.65,0.12,-6.24,0,17,44,50,466
1,-5.61,0.24,-6.12,0,17,44,51,534
1,-5.65,0.04,-6.12,0,17,44,52,602
1,-5.57,0.16,-6.08,0,17,44,53,671
1,-5.73,0.16,-6.32,0,17,44,54,739
1,-5.57,0.12,-6.39,0,17,44,55,808
1,-5.61,0.12,-6.16,0,17,44,56,875
1,-5.65,0.08,-6.24,0,17,44,57,944
1,-5.53,0.04,-6.04,0,17,44,58,12
1,-5.33,0.20,-6.16,0,17,44,59,79
1,-5.37,0.20,-6.43,0,17,45,0,148
1,-5.61,0.04,-6.43,0,17,45,1,215
1,-5.61,0.12,-6.47,0,17,45,2,284
1,-5.61,0.08,-6.12,0,17,45,3,368
1,-5.73,0.12,-5.96,0,17,45,4,438
1,-5.61,0.12,-5.96,0,17,45,5,507
1,-5.49,0.20,-6.08,0,17,45,6,575
1,-5.37,0.04,-6.67,0,17,45,7,644
1,-5.49,0.12,-6.20,0,17,45,8,713
1,-5.45,0.00,-6.16,0,17,45,9,780
1,-5.41,-0.12,-6.32,0,17,45,10,849
1,-5.37,0.00,-6.32,0,17,45,11,918
1,-5.49,0.04,-6.39,0,17,45,12,988
1,-5.37,0.04,-6.35,0,17,45,13,56
1,-5.33,-0.04,-6.47,0,17,45,14,125
1,-5.45,-0.04,-6.35,0,17,45,15,193
1,-5.18,0.04,-6.32,0,17,45,16,264
1,-5.26,-0.08,-6.28,0,17,45,17,336
1,-5.22,0.00,-6.28,0,17,45,18,405
1,-5.30,0.04,-6.32,0,17,45,19,474
1,-5.26,0.04,-6.43,0,17,45,20,542
1,-5.37,0.00,-6.47,0,17,45,21,617
1,-5.30,0.00,-6.43,0,17,45,22,685
1,-5.37,0.08,-6.24,0,17,45,23,755
1,-5.41,0.24,-6.67,0,17,45,24,833
1,-5.30,0.12,-6.98,0,17,45,25,904
1,-5.22,0.04,-6.71,0,17,45,26,971
1,-5.37,0.08,-6.59,0,17,45,27,42
1,-5.30,0.04,-5.88,0,17,45,28,111
1,-5.45,0.04,-5.69,0,17,45,29,180
1,-5.57,0.04,-6.08,0,17,45,30,248
1,-5.22,0.47,-6.16,0,17,45,31,316
1,-5.41,0.20,-6.79,0,17,45,32,384
1,-5.45,0.47,-6.24,0,17,45,33,455
1,-5.45,-0.20,-6.47,0,17,45,34,526
1,-5.22,0.04,-6.47,0,17,45,35,594
1,-5.14,0.08,-6.32,0,17,45,36,663
1,-5.22,0.16,-6.12,0,17,45,37,731
1,-5.45,0.16,-6.16,0,17,45,38,800
1,-5.41,0.24,-6.47,0,17,45,39,868
1,-5.26,0.20,-6.83,0,17,45,40,936
1,-5.33,0.04,-6.67,0,17,45,41,4
1,-5.30,0.16,-6.51,0,17,45,42,71
1,-5.37,0.12,-5.96,0,17,45,43,142
1,-5.41,0.24,-5.84,0,17,45,44,211
1,-5.49,0.16,-5.96,0,17,45,45,275
1,-5.37,0.27,-6.39,0,17,45,46,349
1,-5.26,0.35,-6.67,0,17,45,47,417
1,-5.22,0.24,-6.63,0,17,45,48,486
1,-5.41,0.12,-6.08,0,17,45,49,555
1,-5.81,0.04,-5.45,0,17,45,50,629
1,-5.73,-0.08,-5.81,0,17,45,51,697
1,-5.77,0.16,-5.37,0,17,45,52,766
1,-5.77,0.24,-6.28,0,17,45,53,835
1,-5.41,0.24,-7.53,0,17,45,54,918
1,-5.18,0.47,-6.83,0,17,45,55,988
1,-5.26,0.24,-6.63,0,17,45,56,59
1,-5.37,0.51,-6.63,0,17,45,57,129
1,-5.49,0.55,-6.35,0,17,45,58,197
1,-5.65,0.47,-6.00,0,17,45,59,266
1,-5.45,0.27,-6.32,0,17,46,0,334
1,-5.57,0.20,-6.20,0,17,46,1,403
1,-5.41,0.43,-6.16,0,17,46,2,471
1,-5.77,0.39,-6.32,0,17,46,3,539
1,-5.73,0.31,-6.00,0,17,46,4,611
1,-5.73,0.27,-6.08,0,17,46,5,679
1,-5.57,0.47,-6.08,0,17,46,6,745
1,-5.81,0.43,-6.04,0,17,46,7,813
1,-5.88,0.39,-5.88,0,17,46,8,883
1,-5.88,0.16,-6.16,0,17,46,9,954
1,-5.65,0.47,-6.20,0,17,46,10,24
1,-5.69,0.43,-6.35,0,17,46,11,93
1,-5.73,0.39,-6.20,0,17,46,12,172
1,-5.73,0.27,-6.32,0,17,46,13,242
1,-5.73,0.27,-6.32,0,17,46,14,310
1,-5.61,0.24,-5.96,0,17,46,15,380
1,-5.73,0.08,-6.16,0,17,46,16,460
1,-5.57,0.31,-6.00,0,17,46,17,529
1,-5.81,0.16,-6.16,0,17,46,18,598
1,-5.69,0.31,-6.32,0,17,46,19,667
1,-5.77,0.04,-6.08,0,17,46,20,737
1,-5.73,0.24,-6.00,0,17,46,21,806
1,-5.65,0.20,-5.96,0,17,46,22,876
1,-5.81,0.04,-6.04,0,17,46,23,951
1,-5.69,0.12,-6.12,0,17,46,24,20
1,-5.84,0.04,-6.00,0,17,46,25,90
1,-5.65,0.20,-6.16,0,17,46,26,171
1,-5.77,0.12,-5.92,0,17,46,27,247
1,-5.88,0.04,-5.96,0,17,46,28,316
1,-5.73,0.04,-5.92,0,17,46,29,384
1,-5.84,0.00,-6.12,0,17,46,30,453
1,-6.00,0.04,-6.32,0,17,46,31,522
1,-5.57,0.04,-6.20,0,17,46,32,591
1,-5.88,0.08,-6.00,0,17,46,33,659
1,-5.73,0.00,-6.08,0,17,46,34,784
1,-5.81,0.04,-6.08,0,17,46,35,854
1,-5.77,-0.04,-6.39,0,17,46,36,923
1,-5.77,0.04,-6.28,0,17,46,37,992
1,-5.77,0.12,-6.32,0,17,46,38,62
1,-5.49,0.24,-6.04,0,17,46,39,130
1,-5.81,0.24,-6.32,0,17,46,40,198
1,-5.88,0.00,-6.16,0,17,46,41,266
1,-5.84,-0.08,-6.20,0,17,46,42,335
1,-5.73,-0.04,-5.92,0,17,46,43,406
1,-5.81,0.00,-5.69,0,17,46,44,475
1,-5.92,-0.04,-5.73,0,17,46,45,543
1,-5.84,0.00,-5.92,0,17,46,46,613
1,-5.77,0.00,-6.28,0,17,46,47,681
1,-5.92,-0.12,-5.92,0,17,46,48,750
1,-5.84,0.12,-6.00,0,17,46,49,819
1,-5.73,0.04,-6.16,0,17,46,50,887
1,-5.77,0.04,-6.16,0,17,46,51,956
1,-5.84,0.04,-6.20,0,17,46,52,25
1,-5.77,0.04,-6.04,0,17,46,53,94
1,-5.84,0.08,-6.04,0,17,46,54,172
1,-5.81,0.12,-5.88,0,17,46,55,240
1,-5.81,0.04,-5.92,0,17,46,56,311
1,-5.81,0.20,-5.88,0,17,46,57,381
1,-5.73,0.00,-5.96,0,17,46,58,449
1,-5.77,0.04,-5.92,0,17,46,59,517
1,-5.69,-0.08,-6.04,0,17,47,0,589
1,-5.88,0.08,-6.04,0,17,47,1,658
1,-5.84,-0.04,-6.04,0,17,47,2,728
1,-5.92,0.12,-6.16,0,17,47,3,795
1,-5.84,0.04,-6.04,0,17,47,4,863
1,-5.81,-0.04,-6.08,0,17,47,5,932
1,-5.77,-0.12,-5.77,0,17,47,6,1
1,-5.77,0.20,-5.77,0,17,47,7,72
1,-5.92,-0.08,-6.39,0,17,47,8,142
1,-5.84,-0.04,-6.20,0,17,47,9,225
1,-5.61,0.04,-6.28,0,17,47,10,295
1,-5.61,0.08,-6.24,0,17,47,11,365
1,-5.73,-0.04,-6.12,0,17,47,12,433
1,-5.88,0.04,-6.08,0,17,47,13,502
1,-5.84,0.16,-6.04,0,17,47,14,579
1,-6.04,-0.24,-5.96,0,17,47,15,648
1,-5.69,-0.16,-5.92,0,17,47,16,716
1,-5.84,0.04,-5.96,0,17,47,17,789
1,-5.81,0.00,-6.20,0,17,47,18,870
1,-6.00,0.04,-5.96,0,17,47,19,938
1,-6.00,0.04,-5.88,0,17,47,20,7
1,-5.84,0.08,-5.84,0,17,47,21,75
1,-6.00,-0.04,-5.61,0,17,47,22,145
1,-5.96,0.08,-5.88,0,17,47,23,230
1,-5.61,0.24,-6.43,0,17,47,24,301
1,-5.77,0.27,-6.28,0,17,47,25,370
1,-5.84,0.27,-5.84,0,17,47,26,440
1,-5.92,-0.04,-5.77,0,17,47,27,511
1,-5.96,0.00,-5.96,0,17,47,28,581
1,-5.84,0.12,-5.88,0,17,47,29,650
1,-5.88,-0.27,-6.16,0,17,47,30,717
1,-6.08,-0.04,-5.92,0,17,47,31,786
1,-6.24,0.00,-6.04,0,17,47,32,856
1,-6.08,-0.16,-6.04,0,17,47,33,928
1,-5.81,0.08,-5.92,0,17,47,34,998
1,-5.53,0.16,-6.04,0,17,47,35,68
1,-5.69,0.35,-5.81,0,17,47,36,136
1,-5.88,0.35,-6.00,0,17,47,37,206
1,-5.81,0.43,-6.47,0,17,47,38,273
1,-6.12,0.04,-6.28,0,17,47,39,343
1,-5.65,0.59,-5.73,0,17,47,40,413
1,-5.69,0.47,-5.92,0,17,47,41,482
1,-6.00,0.16,-6.39,0,17,47,42,550
1,-5.92,0.27,-6.12,0,17,47,43,620
1,-5.92,0.12,-5.73,0,17,47,44,690
1,-5.96,0.12,-6.00,0,17,47,45,762
1,-5.57,0.24,-5.88,0,17,47,46,842
1,-5.61,0.00,-5.65,0,17,47,47,917
1,-5.69,0.08,-5.88,0,17,47,48,984
1,-5.77,0.35,-6.67,0,17,47,49,54
1,-5.61,0.55,-6.12,0,17,47,50,123
1,-5.45,0.04,-6.98,0,17,47,51,191
1,-5.49,0.27,-6.32,0,17,47,52,261
1,-5.53,0.04,-6.04,0,17,47,53,337
1,-5.45,0.16,-5.88,0,17,47,54,406
1,-5.37,0.16,-6.35,0,17,47,55,474
1,-5.61,0.00,-6.67,0,17,47,56,542
1,-5.41,0.16,-6.63,0,17,47,57,618
1,-5.37,-0.04,-6.08,0,17,47,58,690
1,-5.57,0.24,-6.32,0,17,47,59,758
1,-5.61,0.24,-6.35,0,17,48,0,827
1,-5.69,-0.04,-6.12,0,17,48,1,899
1,-5.73,-0.04,-6.12,0,17,48,2,967
1,-5.61,0.12,-6.08,0,17,48,3,39
1,-5.57,0.12,-6.00,0,17,48,4,108
1,-5.81,0.08,-6.16,0,17,48,5,176
1,-5.65,0.16,-6.12,0,17,48,6,245
1,-5.61,0.04,-6.24,0,17,48,7,385
1,-5.61,0.00,-6.04,0,17,48,8,476
1,-5.81,-0.24,-6.16,0,17,48,9,555
1,-5.81,0.08,-6.24,0,17,48,10,625
1,-5.84,0.12,-6.28,0,17,48,11,694
1,-5.61,0.08,-6.12,0,17,48,12,783
1,-5.61,-0.08,-5.96,0,17,48,13,859
1,-5.84,0.04,-6.00,0,17,48,14,937
1,-5.81,0.04,-6.16,0,17,48,15,26
1,-5.73,0.08,-6.08,0,17,48,16,95
1,-5.73,-0.04,-6.20,0,17,48,17,166
1,-5.81,0.27,-5.96,0,17,48,18,235
1,-5.88,0.04,-6.08,0,17,48,19,314
1,-5.77,0.00,-6.04,0,17,48,20,381
1,-5.92,-0.04,-5.84,0,17,48,21,449
1,-5.88,0.16,-6.08,0,17,48,22,519
1,-5.92,-0.12,-6.04,0,17,48,23,588
1,-5.96,0.04,-6.04,0,17,48,24,657
1,-5.73,0.27,-6.12,0,17,48,25,726
1,-5.77,0.12,-5.88,0,17,48,26,795
1,-5.96,0.00,-5.96,0,17,48,27,864
1,-5.73,0.08,-6.20,0,17,48,28,940
1,-5.81,0.39,-5.92,0,17,48,29,10
1,-5.61,0.27,-5.92,0,17,48,30,80
1,-5.92,0.04,-5.77,0,17,48,31,154
1,-6.00,0.00,-6.00,0,17,48,32,222
1,-5.69,-0.20,-6.16,0,17,48,33,290
1,-5.22,0.31,-5.96,0,17,48,34,359
1,-5.81,-0.12,-5.77,0,17,48,35,428
1,-5.84,-0.16,-6.28,0,17,48,36,496
1,-5.92,0.00,-6.79,0,17,48,37,564
1,-5.69,0.00,-6.43,0,17,48,38,634
1,-5.65,-0.08,-6.12,0,17,48,39,703
1,-5.57,0.00,-5.84,0,17,48,40,772
1,-5.61,-0.16,-5.81,0,17,48,41,842
1,-5.81,-0.08,-5.96,0,17,48,42,918
1,-6.24,-0.24,-6.12,0,17,48,43,987
1,-5.61,0.08,-6.04,0,17,48,44,76
1,-5.57,0.20,-6.55,0,17,48,45,145
1,-5.49,0.08,-6.12,0,17,48,46,223
1,-5.61,-0.08,-6.08,0,17,48,47,292
1,-5.65,-0.04,-6.47,0,17,48,48,369
1,-5.57,0.00,-6.24,0,17,48,49,437
1,-5.77,0.08,-6.20,0,17,48,50,506
1,-5.77,0.24,-6.08,0,17,48,51,573
1,-5.81,0.24,-5.92,0,17,48,52,642
1,-5.77,0.08,-5.81,0,17,48,53,710
1,-5.77,0.04,-6.00,0,17,48,54,778
1,-5.84,0.08,-5.92,0,17,48,55,848
1,-5.92,0.24,-6.20,0,17,48,56,917
1,-5.92,0.20,-6.08,0,17,48,57,989
1,-5.81,0.16,-6.04,0,17,48,58,62
1,-6.04,0.20,-5.92,0,17,48,59,129
1,-5.96,0.20,-6.35,0,17,49,0,199
1,-5.77,0.04,-5.77,0,17,49,1,267
1,-5.88,-0.08,-5.96,0,17,49,2,337
1,-5.65,0.04,-6.08,0,17,49,3,404
1,-5.69,0.35,-6.32,0,17,49,4,473
1,-5.84,0.24,-6.20,0,17,49,5,541
1,-5.69,0.20,-6.20,0,17,49,6,611
1,-5.69,0.31,-5.92,0,17,49,7,681
1,-5.61,0.04,-6.28,0,17,49,8,749
1,-5.65,0.24,-5.96,0,17,49,9,817
1,-5.65,0.35,-6.12,0,17,49,10,884
1,-5.49,0.51,-6.24,0,17,49,11,953
1,-5.57,0.04,-6.51,0,17,49,12,20
1,-5.61,0.24,-6.32,0,17,49,13,89
1,-5.69,0.24,-6.16,0,17,49,14,157
1,-5.61,0.20,-6.04,0,17,49,15,225
1,-5.30,0.63,-6.16,0,17,49,16,293
1,-5.30,0.43,-6.04,0,17,49,17,361
1,-5.92,-0.20,-6.51,0,17,49,18,429
1,-6.12,0.24,-5.84,0,17,49,19,498
1,-5.92,0.39,-6.28,0,17,49,20,566
1,-5.69,0.20,-6.08,0,17,49,21,635
1,-5.65,0.20,-6.24,0,17,49,22,711
1,-5.69,0.31,-6.12,0,17,49,23,779
1,-5.65,0.31,-6.16,0,17,49,24,848
1,-5.69,0.31,-6.20,0,17,49,25,917
1,-5.65,0.31,-6.12,0,17,49,26,986
1,-5.73,0.27,-6.20,0,17,49,27,54
1,-5.73,0.35,-6.28,0,17,49,28,123
1,-5.53,0.27,-5.96,0,17,49,29,196
1,-5.65,0.24,-6.32,0,17,49,30,264
1,-5.65,0.47,-6.24,0,17,49,31,332
1,-5.57,0.39,-6.28,0,17,49,32,406
1,-5.61,0.31,-6.20,0,17,49,33,476
1,-5.53,0.24,-6.24,0,17,49,34,555
1,-5.57,0.31,-6.28,0,17,49,35,624
1,-5.65,0.20,-6.24,0,17,49,36,695
1,-5.65,0.24,-6.20,0,17,49,37,764
1,-5.61,0.27,-6.16,0,17,49,38,831
1,-5.53,0.24,-6.32,0,17,49,39,900
1,-5.69,0.24,-6.20,0,17,49,40,969
1,-5.65,0.24,-6.16,0,17,49,41,38
1,-5.65,0.27,-6.20,0,17,49,42,111
1,-5.65,0.24,-6.12,0,17,49,43,182
1,-5.65,0.20,-6.32,0,17,49,44,252
1,-5.69,0.35,-6.00,0,17,49,45,327
1,-5.73,0.35,-6.28,0,17,49,46,396
1,-5.73,0.31,-6.20,0,17,49,47,465
1,-5.77,0.12,-5.96,0,17,49,48,534
1,-5.73,0.20,-6.12,0,17,49,49,604
1,-5.73,0.16,-6.12,0,17,49,50,674
1,-5.65,0.27,-6.08,0,17,49,51,746
1,-5.73,0.27,-6.16,0,17,49,52,815
1,-5.84,0.24,-6.08,0,17,49,53,885
1,-5.81,0.24,-6.08,0,17,49,54,955
1,-5.77,0.27,-5.96,0,17,49,55,24
1,-5.69,0.20,-6.04,0,17,49,56,94
1,-5.84,0.27,-6.16,0,17,49,57,163
1,-5.84,0.35,-6.04,0,17,49,58,232
1,-5.88,0.16,-6.08,0,17,49,59,300
1,-5.81,0.16,-6.00,0,17,50,0,368
1,-5.84,0.12,-5.96,0,17,50,1,437
1,-5.96,0.27,-5.92,0,17,50,2,506
1,-5.96,0.20,-6.12,0,17,50,3,575
1,-5.88,0.16,-6.16,0,17,50,4,644
1,-5.81,0.20,-6.00,0,17,50,5,713
1,-5.88,0.20,-5.92,0,17,50,6,783
1,-5.84,0.24,-6.00,0,17,50,7,851
1,-5.81,0.16,-6.16,0,17,50,8,921
1,-5.84,0.12,-6.16,0,17,50,9,6
1,-5.77,0.16,-6.08,0,17,50,10,77
1,-5.84,0.24,-6.16,0,17,50,11,145
1,-5.81,0.08,-6.12,0,17,50,12,222
1,-5.73,0.20,-6.04,0,17,50,13,291
1,-5.81,0.31,-6.04,0,17,50,14,363
1,-5.92,0.08,-6.08,0,17,50,15,432
1,-5.81,0.08,-6.12,0,17,50,16,501
1,-5.88,0.12,-6.20,0,17,50,17,571
1,-5.84,0.27,-6.04,0,17,50,18,640
1,-5.77,0.20,-5.96,0,17,50,19,708
1,-5.81,0.20,-5.96,0,17,50,19,777
1,-5.88,0.12,-6.08,0,17,50,19,845
1,-5.96,0.24,-5.96,0,17,50,19,914
1,-5.88,0.08,-6.16,0,17,50,19,984
1,-5.88,0.24,-5.96,0,17,50,20,53
1,-5.81,0.20,-6.04,0,17,50,20,122
1,-5.81,0.12,-5.92,0,17,50,20,190
1,-5.84,0.12,-5.96,0,17,50,20,258
1,-5.88,0.08,-6.08,0,17,50,20,326
1,-5.73,0.31,-6.12,0,17,50,20,396
1,-5.96,0.08,-6.00,0,17,50,20,463
1,-5.88,0.08,-6.12,0,17,50,20,532
1,-5.96,0.20,-6.04,0,17,50,20,600
1,-5.88,0.16,-6.00,0,17,50,20,669
1,-5.88,0.16,-5.92,0,17,50,20,738
1,-5.84,0.24,-5.96,0,17,50,20,808
1,-5.96,0.20,-6.00,0,17,50,20,877
1,-5.92,0.27,-6.08,0,17,50,20,948
1,-5.88,0.12,-6.08,0,17,50,21,22
1,-5.77,0.24,-5.96,0,17,50,21,89
1,-5.81,0.20,-6.16,0,17,50,21,159
1,-5.88,0.24,-6.16,0,17,50,21,228
1,-5.81,0.24,-6.08,0,17,50,21,297
1,-5.84,0.20,-6.00,0,17,50,21,379
1,-5.84,0.16,-6.00,0,17,50,21,454
1,-5.92,0.20,-6.16,0,17,50,21,525
1,-5.88,0.27,-6.00,0,17,50,21,594
1,-5.88,0.16,-5.96,0,17,50,21,693
1,-5.84,0.16,-6.08,0,17,50,21,762
1,-5.81,0.16,-6.04,0,17,50,21,831
1,-5.88,0.20,-6.04,0,17,50,21,948
1,-5.81,0.24,-6.00,0,17,50,22,18
1,-5.81,0.20,-6.08,0,17,50,22,87
1,-5.77,0.27,-6.12,0,17,50,22,157
1,-5.77,0.31,-6.04,0,17,50,22,225
1,-5.81,0.24,-6.04,0,17,50,22,292
1,-5.73,0.24,-6.20,0,17,50,22,362
1,-5.77,0.27,-6.12,0,17,50,22,435
1,-5.84,0.20,-6.12,0,17,50,22,505
1,-5.81,0.20,-6.16,0,17,50,22,574
1,-5.73,0.12,-5.92,0,17,50,22,643
1,-5.73,0.31,-5.96,0,17,50,22,711
1,-5.81,0.20,-6.08,0,17,50,22,785
1,-5.77,0.24,-6.16,0,17,50,22,854
1,-5.88,0.24,-5.96,0,17,50,22,935
1,-5.77,0.24,-6.04,0,17,50,23,14
1,-5.77,0.16,-6.08,0,17,50,23,82
1,-5.73,0.31,-6.12,0,17,50,23,150
1,-5.73,0.27,-5.96,0,17,50,23,220
1,-5.84,0.04,-6.12,0,17,50,23,289
1,-5.88,0.08,-6.32,0,17,50,23,357
1,-5.84,0.16,-6.12,0,17,50,23,425
1,-5.69,0.24,-5.96,0,17,50,23,493
1,-5.73,0.24,-6.00,0,17,50,23,562
1,-5.77,0.20,-6.16,0,17,50,23,631
1,-5.88,0.20,-6.04,0,17,50,23,698
1,-5.81,0.20,-6.04,0,17,50,23,768
1,-5.77,0.16,-6.12,0,17,50,23,837
1,-5.88,0.08,-6.04,0,17,50,23,908
1,-5.84,0.16,-6.08,0,17,50,23,977
1,-5.81,0.24,-5.92,0,17,50,24,45
1,-5.77,0.08,-5.92,0,17,50,24,113
1,-5.81,0.16,-6.16,0,17,50,24,183
1,-5.92,0.20,-6.08,0,17,50,24,251
1,-5.88,0.12,-6.16,0,17,50,24,324
1,-5.81,0.16,-6.08,0,17,50,24,394
1,-5.77,0.27,-6.04,0,17,50,24,468
1,-5.84,0.20,-5.92,0,17,50,24,538
1,-5.88,0.16,-6.04,0,17,50,24,608
1,-5.84,0.24,-5.96,0,17,50,24,676
1,-5.84,0.20,-6.12,0,17,50,24,745
1,-5.88,0.24,-5.96,0,17,50,24,813
1,-5.81,0.27,-6.00,0,17,50,24,895
1,-5.92,0.20,-6.00,0,17,50,24,964
1,-5.92,0.12,-5.92,0,17,50,25,33
1,-5.92,0.24,-5.96,0,17,50,25,107
1,-5.84,0.16,-6.20,0,17,50,25,176
1,-5.88,0.27,-5.92,0,17,50,25,250
1,-5.92,0.20,-6.04,0,17,50,25,318
1,-5.81,0.20,-5.96,0,17,50,25,391
1,-5.81,0.16,-6.08,0,17,50,25,459
1,-5.92,0.24,-6.08,0,17,50,25,529
1,-5.88,0.24,-6.24,0,17,50,25,597
1,-5.88,0.27,-6.08,0,17,50,25,669
1,-5.81,0.27,-6.00,0,17,50,25,738
1,-5.77,0.31,-6.00,0,17,50,25,807
1,-5.77,0.35,-6.08,0,17,50,25,877
1,-5.88,0.24,-6.08,0,17,50,25,947
1,-6.00,0.31,-6.16,0,17,50,26,16
1,-5.92,0.24,-6.16,0,17,50,26,88
1,-5.81,0.24,-5.92,0,17,50,26,158
1,-5.73,0.31,-5.88,0,17,50,26,231
1,-5.84,0.16,-5.84,0,17,50,26,301
1,-5.92,0.16,-6.04,0,17,50,26,371
1,-5.88,0.20,-5.96,0,17,50,26,440
1,-5.88,0.20,-5.92,0,17,50,26,508
1,-5.84,0.27,-6.00,0,17,50,26,579
1,-5.88,0.24,-6.04,0,17,50,26,647
1,-6.00,0.27,-6.08,0,17,50,26,715
1,-5.96,0.24,-5.88,0,17,50,26,785
1,-5.84,0.35,-5.84,0,17,50,26,858
1,-6.00,0.31,-5.81,0,17,50,26,941
1,-5.96,0.27,-5.92,0,17,50,27,10
1,-6.00,0.27,-6.00,0,17,50,27,81
1,-5.96,0.27,-5.96,0,17,50,27,150
1,-5.96,0.24,-6.00,0,17,50,27,218
1,-5.92,0.35,-6.04,0,17,50,27,288
1,-6.00,0.16,-5.96,0,17,50,27,356
1,-5.88,0.16,-5.96,0,17,50,27,441
1,-5.88,0.20,-5.84,0,17,50,27,511
1,-6.04,0.31,-5.96,0,17,50,27,581
1,-6.12,0.35,-6.00,0,17,50,27,654
1,-6.04,0.27,-6.00,0,17,50,27,722
1,-6.08,0.43,-5.81,0,17,50,27,789
1,-6.00,0.47,-5.77,0,17,50,27,859
1,-6.08,0.55,-5.84,0,17,50,27,928
1,-6.12,0.31,-5.88,0,17,50,27,996
1,-6.12,0.39,-6.04,0,17,50,28,73
1,-6.16,0.47,-5.96,0,17,50,28,141
1,-6.00,0.35,-5.84,0,17,50,28,212
1,-5.92,0.27,-5.88,0,17,50,28,281
1,-5.92,0.27,-6.04,0,17,50,28,350
1,-6.08,0.24,-5.88,0,17,50,28,422
1,-6.16,0.16,-5.65,0,17,50,28,490
1,-5.92,0.47,-6.16,0,17,50,28,559
1,-5.96,0.31,-6.04,0,17,50,28,628
1,-5.96,0.16,-5.96,0,17,50,28,696
1,-5.92,0.20,-6.08,0,17,50,28,765
1,-6.00,0.24,-5.88,0,17,50,28,832
1,-5.96,0.24,-6.16,0,17,50,28,900
1,-6.12,0.27,-5.88,0,17,50,28,971
1,-6.12,0.20,-5.77,0,17,50,29,40
1,-6.04,0.24,-5.84,0,17,50,29,116
1,-6.16,0.24,-5.84,0,17,50,29,185
1,-6.08,0.35,-6.00,0,17,50,29,256
1,-5.96,0.16,-5.92,0,17,50,29,324
1,-6.04,0.08,-5.77,0,17,50,29,393
1,-6.16,0.35,-5.96,0,17,50,29,462
1,-5.88,0.35,-5.88,0,17,50,29,532
1,-5.88,0.39,-5.57,0,17,50,29,601
1,-6.00,0.47,-5.88,0,17,50,29,677
1,-5.92,0.39,-6.32,0,17,50,29,746
1,-6.00,0.39,-6.12,0,17,50,29,816
1,-5.92,0.39,-5.77,0,17,50,29,885
1,-5.96,0.35,-5.77,0,17,50,29,955
1,-5.77,0.35,-6.47,0,17,50,30,24
1,-6.16,1.02,-6.08,0,17,50,30,96
1,-6.12,0.98,-6.12,0,17,50,30,165
1,-6.12,0.94,-5.57,0,17,50,30,233
1,-6.08,1.33,-5.84,0,17,50,30,303
1,-5.73,1.41,-6.12,0,17,50,30,371
1,-5.84,0.94,-5.61,0,17,50,30,439
1,-5.88,0.67,-6.04,0,17,50,30,508
1,-5.69,0.82,-6.04,0,17,50,30,576
1,-5.61,1.29,-6.43,0,17,50,30,648
1,-5.77,0.90,-6.12,0,17,50,30,716
1,-5.81,0.67,-6.35,0,17,50,30,784
1,-5.77,0.51,-6.24,0,17,50,30,852
1,-5.69,0.39,-6.04,0,17,50,30,921
1,-5.77,0.51,-5.88,0,17,50,30,990
1,-5.57,0.63,-6.20,0,17,50,31,59
1,-5.61,0.63,-6.20,0,17,50,31,134
1,-5.69,0.78,-5.96,0,17,50,31,203
1,-5.81,0.43,-6.32,0,17,50,31,271
1,-5.73,0.59,-6.35,0,17,50,31,340
1,-5.77,0.43,-6.04,0,17,50,31,409
1,-5.84,0.43,-5.92,0,17,50,31,477
1,-5.61,0.27,-6.24,0,17,50,31,548
1,-5.81,0.20,-5.96,0,17,50,31,619
1,-5.92,0.16,-6.08,0,17,50,31,687
1,-5.81,0.39,-6.16,0,17,50,31,760
1,-5.69,0.55,-6.04,0,17,50,31,830
1,-5.73,0.43,-6.12,0,17,50,31,899
1,-5.84,0.55,-5.88,0,17,50,31,966
1,-5.69,0.04,-6.04,0,17,50,32,37
1,-5.61,0.55,-6.43,0,17,50,32,113
1,-5.77,0.67,-6.43,0,17,50,32,187
1,-5.65,0.27,-6.43,0,17,50,32,257
1,-5.57,0.31,-6.20,0,17,50,32,324
1,-5.61,0.31,-6.16,0,17,50,32,400
1,-5.37,0.47,-6.16,0,17,50,32,470
1,-5.53,0.31,-6.35,0,17,50,32,541
1,-5.57,0.24,-6.28,0,17,50,32,609
1,-5.53,0.43,-6.28,0,17,50,32,723
1,-5.37,0.31,-6.12,0,17,50,32,793
1,-5.57,0.04,-6.32,0,17,50,32,863
1,-5.49,0.12,-6.28,0,17,50,32,932
1,-5.53,0.20,-6.35,0,17,50,33,3
1,-5.53,0.24,-6.24,0,17,50,33,72
1,-5.53,0.31,-6.63,0,17,50,33,151
1,-5.49,0.08,-6.08,0,17,50,33,220
1,-5.53,0.04,-6.08,0,17,50,33,289
1,-5.45,0.27,-6.24,0,17,50,33,357
1,-5.57,0.27,-6.24,0,17,50,33,425
1,-5.61,-0.04,-6.20,0,17,50,33,493
1,-5.57,0.12,-6.28,0,17,50,33,562
1,-5.61,0.16,-6.12,0,17,50,33,629
1,-5.77,0.08,-6.16,0,17,50,33,698
1,-5.73,0.31,-6.12,0,17,50,33,766
1,-5.77,0.16,-6.16,0,17,50,33,834
1,-5.73,0.12,-6.00,0,17,50,33,903
1,-5.73,0.04,-6.12,0,17,50,33,971
1,-5.73,0.04,-6.04,0,17,50,34,40
1,-5.84,-0.04,-6.04,0,17,50,34,108
1,-5.61,0.12,-6.04,0,17,50,34,176
1,-5.73,0.27,-6.12,0,17,50,34,245
1,-5.88,0.00,-6.12,0,17,50,34,315
1,-5.81,0.04,-6.28,0,17,50,34,389
1,-5.73,0.12,-6.16,0,17,50,34,457
1,-5.57,0.04,-6.24,0,17,50,34,526
1,-5.69,0.24,-6.00,0,17,50,34,594
1,-5.57,0.27,-6.39,0,17,50,34,663
1,-5.73,0.08,-6.24,0,17,50,34,732
1,-5.77,0.04,-6.08,0,17,50,34,801
1,-5.77,0.16,-6.16,0,17,50,34,879
1,-5.84,0.04,-5.92,0,17,50,34,950
1,-5.77,0.12,-6.12,0,17,50,35,17
1,-5.53,0.35,-6.08,0,17,50,35,85
1,-5.65,0.20,-6.00,0,17,50,35,155
1,-5.77,0.20,-6.08,0,17,50,35,228
1,-5.77,0.16,-6.00,0,17,50,35,297
1,-5.77,0.20,-6.20,0,17,50,35,366
1,-5.77,0.04,-6.20,0,17,50,35,434
1,-5.77,0.16,-5.92,0,17,50,35,503
1,-5.81,0.20,-6.08,0,17,50,35,573
1,-5.73,0.04,-6.24,0,17,50,35,641
1,-5.81,0.04,-6.00,0,17,50,35,712
1,-5.53,0.00,-6.28,0,17,50,35,780
1,-5.84,0.00,-6.12,0,17,50,35,848
1,-5.73,0.16,-6.04,0,17,50,35,918
1,-5.37,0.75,-6.39,0,17,50,35,987
1,-5.57,0.12,-6.20,0,17,50,36,60
1,-5.73,0.00,-6.08,0,17,50,36,129
1,-5.88,0.00,-6.20,0,17,50,36,198
1,-5.73,0.04,-6.00,0,17,50,36,266
1,-5.73,0.27,-6.16,0,17,50,36,335
1,-5.73,0.27,-5.84,0,17,50,36,408
1,-5.81,0.20,-6.08,0,17,50,36,484
1,-5.73,0.08,-6.28,0,17,50,36,552
1,-5.73,0.20,-6.24,0,17,50,36,621
1,-5.65,0.31,-6.08,0,17,50,36,691
1,-5.92,0.04,-5.96,0,17,50,36,759
1,-5.88,0.00,-6.00,0,17,50,36,831
1,-5.77,0.08,-6.16,0,17,50,36,900
1,-5.84,0.00,-6.24,0,17,50,36,968
1,-5.69,0.08,-6.00,0,17,50,37,37
1,-5.77,0.00,-6.08,0,17,50,37,106
1,-5.81,0.00,-5.88,0,17,50,37,185
1,-5.92,0.00,-5.92,0,17,50,37,268
1,-5.73,0.00,-6.24,0,17,50,37,336
1,-5.81,0.08,-6.04,0,17,50,37,406
1,-5.77,0.04,-6.08,0,17,50,37,476
1,-5.84,0.12,-6.16,0,17,50,37,546
1,-5.96,0.12,-6.12,0,17,50,37,617
1,-6.20,0.00,-5.53,0,17,50,37,686
1,-5.69,-0.31,-5.10,0,17,50,37,756
1,-5.26,0.12,-5.45,0,17,50,37,824
1,-5.18,0.43,-7.69,0,17,50,37,893
1,-5.22,-0.04,-6.63,0,17,50,37,963
1,-5.61,-0.78,-5.69,0,17,50,38,38
1,-5.22,-1.33,-5.61,0,17,50,38,106
1,-5.02,-1.37,-6.59,0,17,50,38,174
1,-5.10,-1.33,-5.73,0,17,50,38,242
1,-5.41,-1.37,-6.28,0,17,50,38,310
1,-4.79,-0.04,-6.79,0,17,50,38,379
1,-5.02,-0.04,-7.37,0,17,50,38,450
1,-4.47,-0.24,-7.85,0,17,50,38,518
1,-4.63,0.20,-6.55,0,17,50,38,586
1,-3.65,1.57,-7.26,0,17,50,38,655
1,-3.61,1.96,-6.55,0,17,50,38,726
1,-3.69,1.33,-7.02,0,17,50,38,795
1,-4.86,0.39,-6.47,0,17,50,38,868
1,-4.51,0.94,-6.63,0,17,50,38,936
1,-4.47,0.59,-6.83,0,17,50,39,5
1,-3.53,0.59,-7.14,0,17,50,39,72
1,-3.69,0.98,-7.85,0,17,50,39,140
1,-3.22,0.27,-7.65,0,17,50,39,208
1,-3.45,0.27,-7.96,0,17,50,39,283
1,-3.73,0.47,-7.34,0,17,50,39,354
1,-3.18,0.08,-7.34,0,17,50,39,424
1,-3.33,0.24,-6.86,0,17,50,39,493
1,-2.94,0.00,-6.86,0,17,50,39,562
1,-2.20,0.24,-7.85,0,17,50,39,631
1,-1.33,1.33,-7.61,0,17,50,39,700
1,-0.63,2.16,-8.24,0,17,50,39,769
1,-1.18,0.98,-8.00,0,17,50,39,843
1,-1.14,1.18,-8.20,0,17,50,39,913
1,-1.22,0.94,-8.08,0,17,50,39,982

