1,-4.86,0.78,-6.75,0,17,47,33,853
1,-5.02,1.10,-6.39,0,17,47,34,921
1,-5.10,1.45,-7.06,0,17,47,35,991
1,-4.98,1.22,-5.96,0,17,47,36,60
1,-5.06,1.77,-6.32,0,17,47,37,129
1,-5.10,1.61,-6.55,0,17,47,38,198
1,-5.06,1.49,-6.63,0,17,47,39,267
1,-5.06,1.26,-6.71,0,17,47,40,335
1,-5.18,1.37,-6.32,0,17,47,41,403
1,-5.06,1.18,-6.39,0,17,47,42,476
1,-4.71,1.06,-6.75,0,17,47,43,546
1,-4.82,1.26,-6.83,0,17,47,44,630
1,-4.79,1.18,-6.55,0,17,47,45,698
1,-4.67,1.33,-6.83,0,17,47,46,782
1,-4.82,1.37,-6.94,0,17,47,47,851
1,-4.86,1.22,-6.83,0,17,47,48,920
1,-5.02,1.22,-6.35,0,17,47,49,989
1,-5.06,1.14,-6.39,0,17,47,50,61
1,-4.98,1.14,-6.71,0,17,47,51,134
1,-5.02,1.22,-6.63,0,17,47,52,202
1,-5.10,1.73,-6.12,0,17,47,53,271
1,-5.53,1.53,-7.22,0,17,47,54,338
1,-5.77,1.02,-7.14,0,17,47,55,407
1,-4.86,1.69,-6.35,0,17,47,56,488
1,-4.94,1.61,-5.84,0,17,47,57,556
1,-4.90,1.26,-5.92,0,17,47,58,627
1,-5.14,1.10,-6.04,0,17,47,59,697
1,-5.26,1.06,-6.51,0,17,48,0,765
1,-5.22,1.06,-6.39,0,17,48,1,833
1,-5.26,1.02,-6.55,0,17,48,2,901
1,-5.22,1.02,-6.28,0,17,48,3,970
1,-5.10,1.14,-6.35,0,17,48,4,39
1,-5.14,1.06,-6.63,0,17,48,5,107
1,-5.26,1.02,-6.43,0,17,48,6,175
1,-5.33,0.98,-6.39,0,17,48,7,243
1,-5.18,1.02,-6.67,0,17,48,8,315
1,-5.33,1.22,-6.59,0,17,48,9,387
1,-5.30,1.26,-6.67,0,17,48,10,460
1,-5.41,1.33,-6.63,0,17,48,11,528
1,-5.84,1.06,-6.79,0,17,48,12,597
1,-5.57,1.61,-6.24,0,17,48,13,665
1,-5.73,1.10,-6.47,0,17,48,14,734
1,-5.26,0.78,-6.28,0,17,48,15,809
1,-5.41,1.33,-6.32,0,17,48,16,884
1,-5.18,0.71,-6.55,0,17,48,17,953
1,-4.94,1.29,-7.61,0,17,48,18,22
1,-4.71,1.29,-6.90,0,17,48,19,91
1,-4.86,1.22,-5.41,0,17,48,20,188
1,-5.57,0.90,-5.26,0,17,48,21,257
1,-5.41,0.51,-6.59,0,17,48,22,325
1,-5.49,1.10,-6.28,0,17,48,23,394
1,-5.77,1.02,-6.04,0,17,48,24,466
1,-5.77,0.86,-5.84,0,17,48,25,535
1,-5.77,0.75,-6.04,0,17,48,26,602
1,-5.37,1.45,-5.73,0,17,48,27,671
1,-5.53,1.10,-5.92,0,17,48,28,739
1,-6.12,0.94,-6.32,0,17,48,29,817
1,-6.20,1.37,-6.32,0,17,48,30,886
1,-5.69,0.94,-5.88,0,17,48,31,954
1,-6.20,1.26,-5.10,0,17,48,32,23
1,-6.32,1.26,-5.61,0,17,48,33,92
1,-6.20,1.06,-5.69,0,17,48,34,175
1,-6.20,1.14,-5.81,0,17,48,35,244
1,-6.12,0.86,-5.65,0,17,48,36,314
1,-6.28,1.10,-5.84,0,17,48,37,384
1,-6.55,1.06,-5.81,0,17,48,38,451
1,-6.43,1.18,-6.00,0,17,48,39,520
1,-6.39,0.82,-5.84,0,17,48,40,589
1,-6.24,0.98,-5.73,0,17,48,41,656
1,-6.20,0.78,-5.69,0,17,48,42,725
1,-6.16,1.10,-5.41,0,17,48,43,796
1,-6.35,1.06,-5.49,0,17,48,44,866
1,-6.47,0.98,-5.45,0,17,48,44,936
1,-6.35,1.22,-5.41,0,17,48,45,4
1,-6.43,1.06,-5.33,0,17,48,45,74
1,-6.59,1.26,-5.69,0,17,48,45,142
1,-6.43,1.26,-5.84,0,17,48,45,209
1,-6.43,1.26,-5.61,0,17,48,45,279
1,-6.55,0.90,-5.73,0,17,48,45,348
1,-6.28,0.98,-5.77,0,17,48,45,418
1,-6.24,1.06,-5.69,0,17,48,45,490
1,-6.43,0.98,-5.30,0,17,48,45,559
1,-6.43,0.86,-5.45,0,17,48,45,627
1,-6.35,0.78,-5.57,0,17,48,45,695
1,-6.39,1.10,-5.37,0,17,48,45,777
1,-6.43,0.98,-5.69,0,17,48,45,844
1,-6.71,0.86,-5.57,0,17,48,45,913
1,-6.51,0.90,-5.69,0,17,48,45,980
1,-6.35,1.14,-5.73,0,17,48,46,47
1,-6.32,1.02,-5.69,0,17,48,46,116
1,-6.39,0.82,-5.69,0,17,48,46,184
1,-6.59,0.94,-5.92,0,17,48,46,255
1,-6.39,0.86,-5.81,0,17,48,46,323
1,-6.47,1.02,-5.61,0,17,48,46,391
1,-6.39,1.22,-5.33,0,17,48,46,463
1,-6.32,0.98,-5.57,0,17,48,46,533
1,-6.32,1.33,-5.57,0,17,48,46,601
1,-6.43,1.29,-5.57,0,17,48,46,671
1,-6.39,1.41,-5.69,0,17,48,46,739
1,-6.55,1.33,-5.61,0,17,48,46,809
1,-6.24,1.22,-5.73,0,17,48,46,879
1,-6.28,1.49,-5.18,0,17,48,46,947
1,-6.51,1.41,-5.84,0,17,48,47,26
1,-6.55,1.06,-6.08,0,17,48,47,102
1,-6.43,1.18,-5.45,0,17,48,47,175
1,-6.55,1.33,-5.26,0,17,48,47,243
1,-6.35,1.37,-5.53,0,17,48,47,311
1,-6.43,1.37,-5.69,0,17,48,47,380
1,-6.51,1.29,-5.53,0,17,48,47,449
1,-6.47,1.22,-5.53,0,17,48,47,529
1,-6.39,1.45,-5.41,0,17,48,47,600
1,-6.55,1.49,-5.37,0,17,48,47,670
1,-6.51,1.41,-5.65,0,17,48,47,738
1,-6.51,1.41,-5.49,0,17,48,47,808
1,-6.63,1.65,-4.24,0,17,48,47,878
1,-6.55,2.00,-6.08,0,17,48,47,947
1,-6.71,1.22,-5.41,0,17,48,48,16
1,-6.63,1.65,-5.14,0,17,48,48,85
1,-6.47,1.26,-5.53,0,17,48,48,155
1,-6.39,1.22,-5.81,0,17,48,48,224
1,-6.39,1.29,-5.69,0,17,48,48,293
1,-6.47,1.26,-5.69,0,17,48,48,364
1,-6.43,1.33,-5.81,0,17,48,48,433
1,-6.43,1.33,-5.65,0,17,48,48,510
1,-6.59,1.26,-5.73,0,17,48,48,592
1,-6.28,1.26,-5.61,0,17,48,48,660
1,-6.35,1.37,-5.30,0,17,48,48,729
1,-6.51,1.41,-5.65,0,17,48,48,799
1,-6.28,1.18,-5.92,0,17,48,48,873
1,-6.20,1.33,-5.33,0,17,48,48,942
1,-6.47,1.14,-5.33,0,17,48,49,11
1,-6.59,1.06,-5.45,0,17,48,49,83
1,-6.63,1.22,-5.84,0,17,48,49,154
1,-6.32,1.22,-5.69,0,17,48,49,224
1,-6.39,1.22,-5.33,0,17,48,49,292
1,-6.51,1.22,-5.22,0,17,48,49,362
1,-6.55,1.22,-5.53,0,17,48,49,430
1,-6.51,1.18,-5.53,0,17,48,49,501
1,-6.39,1.22,-5.61,0,17,48,49,572
1,-6.51,1.18,-5.53,0,17,48,49,641
1,-6.39,1.26,-5.61,0,17,48,49,710
1,-6.28,1.10,-5.57,0,17,48,49,801
1,-6.35,1.14,-5.49,0,17,48,49,871
1,-6.35,1.18,-5.37,0,17,48,49,939
1,-6.47,1.10,-5.69,0,17,48,50,9
1,-6.47,1.14,-5.73,0,17,48,50,81
1,-6.32,1.10,-5.92,0,17,48,50,156
1,-6.28,1.06,-5.65,0,17,48,50,236
1,-6.24,1.10,-5.57,0,17,48,50,306
1,-6.28,1.10,-5.53,0,17,48,50,376
1,-6.63,1.06,-5.69,0,17,48,50,445
1,-6.28,1.18,-5.81,0,17,48,50,515
1,-6.20,1.10,-5.73,0,17,48,50,582
1,-6.24,0.98,-5.53,0,17,48,50,651
1,-6.39,0.94,-5.65,0,17,48,50,720
1,-6.39,1.10,-5.77,0,17,48,50,788
1,-6.24,1.18,-5.96,0,17,48,50,857
1,-6.28,1.14,-5.69,0,17,48,50,926
1,-6.32,1.14,-5.65,0,17,48,50,997
1,-6.32,0.98,-5.81,0,17,48,51,65
1,-6.24,0.86,-5.65,0,17,48,51,134
1,-6.47,0.90,-5.30,0,17,48,51,202
1,-6.35,0.98,-5.77,0,17,48,51,273
1,-6.08,1.02,-6.04,0,17,48,51,340
1,-6.28,1.18,-5.73,0,17,48,51,409
1,-6.28,1.26,-5.65,0,17,48,51,482
1,-6.16,1.18,-5.84,0,17,48,51,550
1,-6.35,1.29,-5.61,0,17,48,51,619
1,-6.47,1.49,-5.73,0,17,48,51,688
1,-6.16,1.22,-5.92,0,17,48,51,757
1,-6.28,0.94,-5.84,0,17,48,51,827
1,-6.24,1.06,-5.77,0,17,48,51,895
1,-6.24,1.02,-5.73,0,17,48,51,965
1,-6.08,0.94,-5.73,0,17,48,52,33
1,-6.00,0.90,-5.88,0,17,48,52,103
1,-6.04,0.90,-6.00,0,17,48,52,179
1,-6.20,0.98,-5.81,0,17,48,52,250
1,-6.24,1.06,-6.12,0,17,48,52,318
1,-6.24,0.82,-5.88,0,17,48,52,389
1,-6.24,0.98,-5.92,0,17,48,52,459
1,-6.04,0.98,-5.30,0,17,48,52,529
1,-6.08,1.14,-5.57,0,17,48,52,597
1,-6.20,1.06,-5.77,0,17,48,52,666
1,-6.08,1.06,-5.92,0,17,48,52,739
1,-6.16,1.14,-5.73,0,17,48,52,810
1,-6.35,1.10,-5.57,0,17,48,52,875
1,-6.43,1.45,-4.39,0,17,48,52,945
1,-6.12,1.53,-6.86,0,17,48,53,14
1,-6.24,0.71,-6.00,0,17,48,53,83
1,-6.32,1.57,-5.26,0,17,48,53,153
1,-6.28,1.22,-5.69,0,17,48,53,226
1,-6.12,1.26,-6.04,0,17,48,53,295
1,-6.20,1.29,-5.77,0,17,48,53,365
1,-6.20,1.14,-5.77,0,17,48,53,434
1,-6.20,1.18,-5.53,0,17,48,53,504
1,-6.32,1.22,-5.49,0,17,48,53,573
1,-6.24,1.22,-5.57,0,17,48,53,640
1,-6.24,1.18,-5.92,0,17,48,53,710
1,-6.32,1.10,-5.84,0,17,48,53,779
1,-6.24,1.22,-5.69,0,17,48,53,848
1,-6.28,1.10,-5.57,0,17,48,53,916
1,-6.28,1.14,-5.37,0,17,48,53,985
1,-6.20,1.10,-5.65,0,17,48,54,58
1,-6.35,1.02,-5.77,0,17,48,54,126
1,-6.28,1.22,-5.84,0,17,48,54,195
1,-6.24,1.26,-5.92,0,17,48,54,263
1,-6.28,1.14,-5.73,0,17,48,54,335
1,-6.24,1.10,-5.49,0,17,48,54,404
1,-6.16,1.14,-5.57,0,17,48,54,472
1,-6.16,1.18,-5.53,0,17,48,54,541
1,-6.67,1.18,-5.61,0,17,48,54,610
1,-6.59,2.00,-5.96,0,17,48,54,678
1,-5.96,1.29,-5.88,0,17,48,54,745
1,-6.04,1.10,-5.81,0,17,48,54,822
1,-6.35,0.98,-5.69,0,17,48,54,890
1,-6.32,1.02,-5.65,0,17,48,54,958
1,-6.51,0.78,-5.57,0,17,48,55,27
1,-6.39,1.29,-5.84,0,17,48,55,95
1,-6.24,1.10,-5.73,0,17,48,55,182
1,-6.20,0.82,-5.92,0,17,48,55,255
1,-6.47,0.82,-5.57,0,17,48,55,323
1,-6.51,0.08,-5.33,0,17,48,55,392
1,-6.59,0.47,-5.18,0,17,48,55,470
1,-6.67,0.63,-5.33,0,17,48,55,543
1,-6.63,0.55,-5.61,0,17,48,55,612
1,-6.71,0.39,-5.41,0,17,48,55,681
1,-6.71,0.39,-5.37,0,17,48,55,751
1,-6.86,0.47,-5.37,0,17,48,55,819
1,-6.86,0.55,-5.26,0,17,48,55,887
1,-6.67,0.78,-5.61,0,17,48,55,957
1,-6.79,0.98,-4.94,0,17,48,56,25
1,-6.75,0.67,-5.26,0,17,48,56,94
1,-6.67,0.86,-5.30,0,17,48,56,172
1,-6.90,0.86,-5.18,0,17,48,56,241
1,-6.79,0.71,-5.49,0,17,48,56,318
1,-6.63,0.78,-5.37,0,17,48,56,386
1,-6.63,0.90,-5.10,0,17,48,56,456
1,-6.71,0.98,-5.45,0,17,48,56,527
1,-6.67,0.90,-5.53,0,17,48,56,596
1,-6.79,0.63,-5.37,0,17,48,56,665
1,-6.79,1.06,-5.33,0,17,48,56,734
1,-6.59,0.94,-5.37,0,17,48,56,802
1,-6.79,0.86,-5.41,0,17,48,56,870
1,-6.98,0.67,-5.41,0,17,48,56,941
1,-6.71,0.86,-5.41,0,17,48,57,12
1,-6.39,0.98,-5.26,0,17,48,57,88
1,-6.35,0.82,-5.45,0,17,48,57,157
1,-6.63,0.82,-5.49,0,17,48,57,226
1,-7.02,0.82,-5.53,0,17,48,57,296
1,-6.79,0.98,-5.61,0,17,48,57,364
1,-6.39,0.86,-5.57,0,17,48,57,433
1,-6.43,0.78,-5.22,0,17,48,57,501
1,-6.55,0.67,-5.18,0,17,48,57,588
1,-6.55,0.90,-5.33,0,17,48,57,660
1,-6.79,1.10,-5.57,0,17,48,57,730
1,-6.63,0.78,-5.53,0,17,48,57,798
1,-6.63,0.78,-5.45,0,17,48,57,867
1,-6.47,0.90,-5.73,0,17,48,57,936
1,-6.63,1.02,-5.45,0,17,48,58,4
1,-6.59,0.82,-5.57,0,17,48,58,75
1,-6.47,0.78,-5.77,0,17,48,58,156
1,-6.51,0.71,-5.57,0,17,48,58,225
1,-6.63,0.67,-5.49,0,17,48,58,295
1,-6.59,0.78,-5.37,0,17,48,58,362
1,-6.55,0.90,-5.53,0,17,48,58,433
1,-6.63,0.94,-5.37,0,17,48,58,502
1,-6.71,0.75,-5.37,0,17,48,58,570
1,-6.75,1.02,-5.37,0,17,48,58,640
1,-6.35,0.82,-5.77,0,17,48,58,708
1,-6.55,0.67,-5.33,0,17,48,58,793
1,-6.51,0.63,-5.30,0,17,48,58,862
1,-6.55,0.86,-5.57,0,17,48,58,932
1,-6.59,1.02,-5.53,0,17,48,59,3
1,-6.47,0.82,-5.69,0,17,48,59,71
1,-6.63,0.75,-5.53,0,17,48,59,140
1,-6.67,0.71,-5.49,0,17,48,59,207
1,-6.51,0.82,-5.57,0,17,48,59,278
1,-6.43,0.67,-5.65,0,17,48,59,349
1,-6.59,0.75,-5.61,0,17,48,59,418
1,-6.55,0.82,-5.26,0,17,48,59,486
1,-6.59,0.78,-5.45,0,17,48,59,624
1,-6.71,0.67,-5.69,0,17,48,59,729
1,-6.63,0.75,-5.02,0,17,48,59,797
1,-6.75,1.18,-5.84,0,17,48,59,866
1,-6.51,0.67,-5.49,0,17,48,59,987
1,-6.51,0.98,-5.06,0,17,49,0,57
1,-6.67,0.78,-5.26,0,17,49,0,126
1,-6.43,0.78,-5.61,0,17,49,0,194
1,-6.71,0.75,-5.33,0,17,49,0,262
1,-6.71,0.90,-5.37,0,17,49,0,332
1,-6.67,0.55,-5.61,0,17,49,0,401
1,-6.35,0.63,-5.53,0,17,49,0,469
1,-6.43,0.67,-5.22,0,17,49,0,537
1,-6.35,0.63,-5.14,0,17,49,0,618
1,-6.43,1.29,-5.69,0,17,49,0,690
1,-6.59,0.75,-6.12,0,17,49,0,759
1,-6.63,0.78,-5.88,0,17,49,0,828
1,-6.32,0.67,-5.61,0,17,49,0,898
1,-6.20,0.35,-5.73,0,17,49,0,968
1,-6.28,0.82,-5.65,0,17,49,1,36
1,-6.51,0.78,-5.92,0,17,49,1,118
1,-6.39,0.63,-5.49,0,17,49,1,186
1,-6.51,0.27,-5.53,0,17,49,1,255
1,-6.35,0.75,-5.65,0,17,49,1,323
1,-6.39,0.67,-5.53,0,17,49,1,390
1,-6.59,0.59,-5.65,0,17,49,1,458
1,-6.59,0.90,-5.61,0,17,49,1,528
1,-6.35,0.82,-5.73,0,17,49,1,597
1,-6.39,1.06,-5.02,0,17,49,1,665
1,-6.63,0.71,-6.08,0,17,49,1,735
1,-6.47,0.51,-5.61,0,17,49,1,820
1,-6.47,0.82,-5.49,0,17,49,1,909
1,-6.47,0.71,-5.61,0,17,49,1,979
1,-6.47,0.67,-5.57,0,17,49,2,49
1,-6.47,0.86,-5.53,0,17,49,2,119
1,-6.59,0.82,-5.49,0,17,49,2,188
1,-6.55,0.78,-5.57,0,17,49,2,256
1,-6.67,0.78,-5.53,0,17,49,2,327
1,-6.63,0.82,-5.45,0,17,49,2,398
1,-6.67,0.90,-5.49,0,17,49,2,466
1,-6.63,0.86,-5.33,0,17,49,2,535
1,-6.67,0.90,-5.26,0,17,49,2,605
1,-6.75,0.94,-5.26,0,17,49,2,673
1,-6.55,0.90,-5.30,0,17,49,2,742
1,-6.67,0.90,-5.33,0,17,49,2,816
1,-6.71,0.90,-5.57,0,17,49,2,885
1,-6.59,0.86,-5.57,0,17,49,2,956
1,-6.67,0.86,-5.26,0,17,49,3,25
1,-6.63,0.86,-5.41,0,17,49,3,95
1,-6.71,0.94,-5.33,0,17,49,3,164
1,-6.75,1.06,-4.98,0,17,49,3,234
1,-6.43,0.98,-5.88,0,17,49,3,303
1,-6.35,0.71,-5.77,0,17,49,3,371
1,-6.43,0.82,-5.33,0,17,49,3,441
1,-6.59,0.98,-5.26,0,17,49,3,509
1,-6.59,0.86,-5.41,0,17,49,3,578
1,-6.59,0.67,-5.49,0,17,49,3,651
1,-6.67,0.75,-5.57,0,17,49,3,720
1,-6.43,0.94,-5.92,0,17,49,3,788
1,-6.28,0.78,-5.49,0,17,49,3,859
1,-6.55,0.63,-5.49,0,17,49,3,929
1,-6.75,0.78,-5.77,0,17,49,3,998
1,-6.90,0.86,-5.88,0,17,49,4,65
1,-6.51,1.33,-5.33,0,17,49,4,134
1,-6.20,0.94,-5.33,0,17,49,4,203
1,-6.35,0.55,-5.49,0,17,49,4,272
1,-6.55,0.71,-5.61,0,17,49,4,340
1,-6.83,0.78,-5.61,0,17,49,4,412
1,-6.59,0.82,-5.61,0,17,49,4,481
1,-6.35,0.67,-5.30,0,17,49,4,551
1,-6.39,0.75,-5.65,0,17,49,4,620
1,-6.79,0.71,-5.45,0,17,49,4,707
1,-6.63,0.75,-5.61,0,17,49,4,775
1,-6.59,0.55,-5.41,0,17,49,4,845
1,-6.59,0.78,-5.45,0,17,49,4,913
1,-6.59,1.10,-5.41,0,17,49,4,982
1,-6.75,1.02,-5.57,0,17,49,5,52
1,-6.67,1.06,-5.22,0,17,49,5,119
1,-6.55,1.14,-5.41,0,17,49,5,189
1,-6.55,1.06,-5.37,0,17,49,5,259
1,-6.59,1.14,-5.22,0,17,49,5,329
1,-6.63,1.14,-5.53,0,17,49,5,397
1,-6.55,0.94,-5.65,0,17,49,5,466
1,-6.75,1.02,-5.14,0,17,49,5,535
1,-6.71,1.06,-5.45,0,17,49,5,603
1,-6.75,1.06,-5.49,0,17,49,5,671
1,-6.63,1.02,-5.65,0,17,49,5,742
1,-6.63,1.10,-5.61,0,17,49,5,811
1,-6.63,1.02,-5.41,0,17,49,5,880
1,-6.71,1.18,-5.22,0,17,49,5,949
1,-6.55,1.10,-5.26,0,17,49,6,16
1,-6.43,1.02,-5.14,0,17,49,6,84
1,-6.79,1.06,-5.18,0,17,49,6,152
1,-7.02,0.82,-5.61,0,17,49,6,220
1,-6.63,2.24,-5.22,0,17,49,6,290
1,-6.63,1.65,-5.96,0,17,49,6,360
1,-6.24,1.45,-5.33,0,17,49,6,427
1,-6.51,1.45,-5.45,0,17,49,6,506
1,-6.59,1.22,-5.45,0,17,49,6,575
1,-6.75,1.29,-5.77,0,17,49,6,645
1,-5.69,1.53,-5.14,0,17,49,6,715
1,-5.92,1.80,-4.94,0,17,49,6,783
1,-5.18,0.67,-4.94,0,17,49,6,858
1,-4.71,1.06,-5.73,0,17,49,6,926
1,-4.20,1.26,-5.14,0,17,49,6,994
1,-4.47,1.57,-6.55,0,17,49,7,63
1,-4.31,3.30,-8.59,0,17,49,7,132
1,-3.96,2.51,-8.63,0,17,49,7,201
1,-3.61,1.92,-8.32,0,17,49,7,269
1,-3.26,1.61,-8.24,0,17,49,7,338
1,-3.37,1.41,-7.96,0,17,49,7,422
1,-3.65,1.53,-7.96,0,17,49,7,490
1,-4.24,1.61,-8.08,0,17,49,7,560
1,-4.04,1.57,-8.20,0,17,49,7,628
1,-4.20,1.37,-7.14,0,17,49,7,697
1,-4.67,1.33,-5.61,0,17,49,7,767
1,-5.10,1.26,-6.00,0,17,49,7,837
1,-5.65,0.98,-5.49,0,17,49,7,919
1,-6.04,0.94,-5.45,0,17,49,7,989
1,-5.81,0.82,-5.22,0,17,49,8,59
1,-6.00,1.02,-5.26,0,17,49,8,127
1,-6.20,0.78,-5.53,0,17,49,8,198
1,-6.35,0.94,-5.81,0,17,49,8,266
1,-6.28,0.94,-5.65,0,17,49,8,336
1,-6.28,0.71,-5.53,0,17,49,8,408
1,-6.43,1.02,-5.61,0,17,49,8,477
1,-6.39,1.29,-6.04,0,17,49,8,547
1,-6.04,1.06,-5.65,0,17,49,8,616
1,-6.00,0.75,-5.22,0,17,49,8,686
1,-6.47,0.75,-5.45,0,17,49,8,754
1,-6.20,0.94,-6.08,0,17,49,8,823
1,-6.16,1.37,-6.20,0,17,49,8,892
1,-6.39,0.59,-6.24,0,17,49,8,961
1,-6.16,0.55,-5.77,0,17,49,9,34
1,-6.20,0.59,-5.41,0,17,49,9,103
1,-6.28,0.78,-5.37,0,17,49,9,173
1,-6.08,0.63,-5.73,0,17,49,9,243
1,-6.00,0.55,-6.00,0,17,49,9,315
1,-5.88,0.71,-5.88,0,17,49,9,384
1,-6.12,0.86,-5.81,0,17,49,9,453
1,-6.24,0.82,-5.84,0,17,49,9,522
1,-6.28,1.02,-6.32,0,17,49,9,591
1,-6.47,0.90,-6.51,0,17,49,9,669
1,-6.00,0.67,-5.88,0,17,49,9,738
1,-5.69,0.90,-5.18,0,17,49,9,807
1,-5.73,1.06,-5.30,0,17,49,9,875
1,-6.32,1.10,-5.81,0,17,49,9,945
1,-6.59,0.82,-6.39,0,17,49,10,19
1,-6.43,0.75,-6.28,0,17,49,10,88
1,-6.04,0.75,-5.57,0,17,49,10,158
1,-6.16,0.86,-5.14,0,17,49,10,227
1,-6.08,0.94,-5.61,0,17,49,10,296
1,-6.20,0.94,-5.88,0,17,49,10,365
1,-6.16,1.33,-5.53,0,17,49,10,434
1,-6.20,1.29,-5.65,0,17,49,10,503
1,-6.35,1.45,-5.81,0,17,49,10,574
1,-6.28,1.18,-5.96,0,17,49,10,653
1,-6.24,1.02,-5.84,0,17,49,10,722
1,-6.12,1.14,-5.49,0,17,49,10,791
1,-6.08,1.14,-5.65,0,17,49,10,859
1,-5.84,1.26,-5.73,0,17,49,10,928
1,-6.08,1.22,-6.00,0,17,49,10,0
1,-6.20,1.22,-6.43,0,17,49,11,68
1,-6.32,1.14,-6.16,0,17,49,11,138
1,-6.12,1.26,-6.04,0,17,49,11,205
1,-5.84,1.33,-5.92,0,17,49,11,275
1,-6.00,1.33,-5.61,0,17,49,11,342
1,-6.12,1.29,-5.65,0,17,49,11,412
1,-6.16,1.33,-5.65,0,17,49,11,481
1,-6.24,1.33,-5.61,0,17,49,11,565
1,-6.16,1.49,-5.69,0,17,49,11,634
1,-6.20,1.53,-5.65,0,17,49,11,713
1,-6.24,1.29,-5.69,0,17,49,11,784
1,-6.28,1.26,-5.73,0,17,49,11,853
1,-6.32,1.33,-5.73,0,17,49,11,923
1,-6.24,1.29,-5.69,0,17,49,11,993
1,-6.20,1.26,-5.73,0,17,49,12,62
1,-6.32,1.29,-5.73,0,17,49,12,131
1,-6.32,1.26,-5.77,0,17,49,12,200
1,-6.20,1.29,-5.65,0,17,49,12,271
1,-6.24,1.29,-5.69,0,17,49,12,339
1,-6.24,1.29,-5.73,0,17,49,12,408
1,-6.32,1.26,-5.73,0,17,49,12,476
1,-6.39,1.33,-5.61,0,17,49,12,545
1,-6.28,1.29,-5.45,0,17,49,12,616
1,-6.28,1.22,-5.45,0,17,49,12,691
1,-6.24,1.29,-5.49,0,17,49,12,761
1,-6.24,1.26,-5.84,0,17,49,12,832
1,-6.16,1.22,-6.24,0,17,49,12,908
1,-6.16,1.22,-5.96,0,17,49,12,980
1,-6.04,1.18,-5.77,0,17,49,13,50
1,-5.96,1.14,-5.77,0,17,49,13,118
1,-5.96,1.18,-5.88,0,17,49,13,187
1,-6.04,1.14,-6.04,0,17,49,13,257
1,-6.04,1.14,-5.96,0,17,49,13,325
1,-6.00,1.18,-5.92,0,17,49,13,397
1,-6.00,1.18,-5.88,0,17,49,13,465
1,-6.00,1.33,-6.04,0,17,49,13,535
1,-6.00,1.29,-5.92,0,17,49,13,603
1,-5.81,1.33,-5.92,0,17,49,13,672
1,-5.81,1.37,-5.81,0,17,49,13,741
1,-5.81,1.45,-5.53,0,17,49,13,810
1,-5.84,1.26,-5.77,0,17,49,13,877
1,-5.81,0.82,-6.04,0,17,49,13,946
1,-5.41,0.75,-6.79,0,17,49,14,14
1,-5.30,1.02,-6.94,0,17,49,14,84
1,-5.33,1.18,-6.32,0,17,49,14,153
1,-5.33,1.18,-6.16,0,17,49,14,222
1,-5.30,1.37,-6.20,0,17,49,14,291
1,-5.33,1.41,-6.47,0,17,49,14,360
1,-5.41,1.26,-6.83,0,17,49,14,429
1,-5.41,1.22,-6.59,0,17,49,14,497
1,-5.37,1.33,-6.16,0,17,49,14,566
1,-5.45,1.53,-6.08,0,17,49,14,641
1,-5.41,1.49,-6.20,0,17,49,14,710
1,-5.49,1.22,-6.16,0,17,49,14,778
1,-5.49,1.49,-6.43,0,17,49,14,846
1,-5.37,1.84,-6.28,0,17,49,14,927
1,-5.49,1.22,-6.51,0,17,49,14,996
1,-5.92,1.26,-6.20,0,17,49,15,68
1,-5.77,1.22,-6.04,0,17,49,15,149
1,-5.06,1.53,-6.55,0,17,49,15,219
1,-5.33,1.14,-5.10,0,17,49,15,288
1,-6.00,0.94,-5.33,0,17,49,15,363
1,-5.96,1.29,-6.32,0,17,49,15,433
1,-5.69,1.22,-6.71,0,17,49,15,502
1,-5.73,1.18,-6.12,0,17,49,15,573
1,-5.69,1.18,-6.00,0,17,49,15,642
1,-5.69,1.26,-5.96,0,17,49,15,717
1,-5.61,1.33,-6.08,0,17,49,15,785
1,-5.57,1.26,-6.28,0,17,49,15,854
1,-5.53,1.26,-6.28,0,17,49,15,924
1,-5.57,1.29,-6.12,0,17,49,15,991
1,-5.49,1.14,-6.32,0,17,49,16,60
1,-5.57,1.26,-6.39,0,17,49,16,130
1,-5.49,1.22,-6.32,0,17,49,16,197
1,-5.57,1.18,-6.24,0,17,49,16,266
1,-5.53,1.26,-6.20,0,17,49,16,335
1,-5.53,1.26,-6.28,0,17,49,16,424
1,-5.61,1.26,-6.39,0,17,49,16,496
1,-5.53,1.14,-6.12,0,17,49,16,565
1,-5.53,1.14,-6.24,0,17,49,16,633
1,-5.49,1.22,-6.24,0,17,49,16,701
1,-5.57,1.22,-6.20,0,17,49,16,768
1,-5.65,1.26,-6.12,0,17,49,16,837
1,-5.73,1.14,-6.00,0,17,49,16,906
1,-5.84,1.22,-6.24,0,17,49,16,975
1,-6.00,1.10,-5.96,0,17,49,17,45
1,-5.92,1.06,-5.92,0,17,49,17,113
1,-5.81,1.06,-5.92,0,17,49,17,181
1,-5.88,1.06,-5.88,0,17,49,17,251
1,-5.92,1.02,-6.00,0,17,49,17,320
1,-5.96,1.06,-6.12,0,17,49,17,390
1,-5.84,1.18,-6.00,0,17,49,17,458
1,-5.69,1.29,-5.92,0,17,49,17,525
1,-5.65,1.33,-6.12,0,17,49,17,601
1,-5.61,1.22,-6.24,0,17,49,17,673
1,-5.53,1.22,-6.16,0,17,49,17,741
1,-5.45,1.10,-6.24,0,17,49,17,810
1,-5.45,1.10,-6.20,0,17,49,17,880
1,-5.57,1.22,-6.16,0,17,49,17,953
1,-5.49,1.26,-6.32,0,17,49,18,22
1,-5.30,1.41,-6.20,0,17,49,18,90
1,-5.41,1.29,-6.24,0,17,49,18,162
1,-5.37,1.22,-6.67,0,17,49,18,235
1,-5.26,1.14,-6.67,0,17,49,18,303
1,-5.26,1.22,-6.51,0,17,49,18,371
1,-5.33,1.18,-6.12,0,17,49,18,440
1,-5.33,1.22,-6.16,0,17,49,18,508
1,-5.41,1.26,-6.35,0,17,49,18,576
1,-5.41,1.10,-6.32,0,17,49,18,646
1,-5.26,1.14,-6.28,0,17,49,18,716
1,-5.65,1.22,-6.67,0,17,49,18,783
1,-5.81,0.86,-6.08,0,17,49,18,852
1,-5.81,0.94,-5.57,0,17,49,18,930
1,-5.81,0.98,-5.33,0,17,49,18,998
1,-5.65,1.33,-6.04,0,17,49,19,74
1,-5.06,1.14,-6.98,0,17,49,19,149
1,-4.86,1.45,-6.67,0,17,49,19,217
1,-4.90,1.53,-6.32,0,17,49,19,286
1,-4.67,1.26,-6.51,0,17,49,19,355
1,-4.75,1.14,-6.90,0,17,49,19,426
1,-4.63,1.14,-7.14,0,17,49,19,494
1,-4.51,1.14,-6.75,0,17,49,19,567
1,-4.35,1.06,-6.71,0,17,49,19,656
1,-4.12,1.06,-6.98,0,17,49,19,732
1,-3.69,1.26,-7.06,0,17,49,19,808
1,-3.73,1.10,-6.75,0,17,49,19,887
1,-3.61,2.24,-6.51,0,17,49,19,957
1,-4.12,2.39,-7.49,0,17,49,20,28
1,-3.80,2.28,-7.73,0,17,49,20,96
1,-3.65,2.67,-6.98,0,17,49,20,169
1,-2.86,2.63,-6.51,0,17,49,20,240
1,-2.82,2.16,-7.30,0,17,49,20,310
1,-2.67,2.08,-7.73,0,17,49,20,379
1,-2.67,2.04,-7.49,0,17,49,20,448
1,-2.63,1.92,-7.22,0,17,49,20,516
1,-2.43,1.84,-7.49,0,17,49,20,585
1,-2.59,1.80,-7.57,0,17,49,20,656
1,-2.28,1.80,-7.92,0,17,49,20,725
1,-1.92,1.77,-7.96,0,17,49,20,796
1,-1.73,1.69,-8.20,0,17,49,20,865
1,-1.77,1.26,-7.69,0,17,49,20,934
1,-1.65,1.18,-7.65,0,17,49,21,4
1,-1.69,1.06,-7.81,0,17,49,21,77
1,-2.08,1.02,-7.65,0,17,49,21,146
1,-1.96,1.06,-7.81,0,17,49,21,213
1,-1.65,1.06,-7.85,0,17,49,21,282
1,-1.41,1.06,-7.96,0,17,49,21,353
1,-1.53,1.02,-7.61,0,17,49,21,426
1,-1.65,0.71,-7.77,0,17,49,21,495
1,-1.61,0.82,-8.08,0,17,49,21,563
1,-2.16,1.37,-7.53,0,17,49,21,640
1,-2.55,1.33,-7.61,0,17,49,21,709
1,-2.55,1.53,-7.61,0,17,49,21,777
1,-3.26,1.61,-8.36,0,17,49,21,845
1,-2.39,2.43,-7.34,0,17,49,21,924
1,-1.49,3.33,-7.53,0,17,49,21,992
1,-0.86,3.49,-6.79,0,17,49,22,61
1,-1.06,3.41,-7.18,0,17,49,22,130
1,-1.10,3.06,-8.16,0,17,49,22,200
1,-0.98,2.90,-7.77,0,17,49,22,267
1,-1.02,2.86,-7.77,0,17,49,22,335
1,-1.18,2.63,-7.41,0,17,49,22,404
1,-0.94,2.55,-7.65,0,17,49,22,473
1,-0.98,2.59,-7.30,0,17,49,22,541
1,-1.02,2.51,-7.34,0,17,49,22,609
1,-1.18,2.51,-7.65,0,17,49,22,697
1,-1.57,2.43,-7.96,0,17,49,22,766
1,-1.53,2.51,-7.53,0,17,49,22,835
1,-2.12,2.59,-7.49,0,17,49,22,909
1,-1.96,2.55,-7.49,0,17,49,22,977
1,-1.02,2.59,-8.32,0,17,49,23,48
1,-0.35,3.30,-8.04,0,17,49,23,124
1,-1.26,2.98,-6.67,0,17,49,23,192
1,-1.06,3.02,-7.96,0,17,49,23,261
1,-0.78,1.73,-7.65,0,17,49,23,329
1,-0.12,2.39,-7.96,0,17,49,23,397
1,0.27,2.43,-9.14,0,17,49,23,466
1,0.63,1.41,-7.26,0,17,49,23,535
1,1.69,1.80,-8.00,0,17,49,23,604
1,2.75,1.10,-7.61,0,17,49,23,672
1,2.86,1.10,-7.61,0,17,49,23,741
1,1.73,0.39,-7.30,0,17,49,23,811
1,1.77,0.51,-7.81,0,17,49,23,880
1,1.73,1.10,-7.06,0,17,49,23,948
1,1.26,0.39,-7.96,0,17,49,24,16
1,0.59,0.27,-7.81,0,17,49,24,84
1,0.90,0.08,-7.49,0,17,49,24,164
1,0.39,0.31,-7.73,0,17,49,24,232
1,0.00,-0.43,-9.18,0,17,49,24,302
1,0.35,-0.39,-9.22,0,17,49,24,369
1,0.12,-0.04,-7.73,0,17,49,24,439
1,0.75,1.10,-7.30,0,17,49,24,507
1,1.18,1.73,-8.08,0,17,49,24,575
1,0.24,1.92,-7.57,0,17,49,24,643
1,-0.12,2.67,-8.04,0,17,49,24,712
1,-0.75,3.73,-7.22,0,17,49,24,779
1,-1.57,0.94,-7.96,0,17,49,24,853
1,-0.86,4.08,-6.51,0,17,49,24,928
1,-2.08,0.04,-8.63,0,17,49,25,1
1,-1.96,1.14,-8.12,0,17,49,25,70
1,-1.33,1.88,-8.28,0,17,49,25,139
1,-2.24,1.53,-8.98,0,17,49,25,209
1,-2.82,0.90,-8.00,0,17,49,25,279
1,-0.82,0.55,-7.73,0,17,49,25,349
1,-2.43,0.67,-7.53,0,17,49,25,418
1,-2.98,0.51,-7.96,0,17,49,25,489
1,-2.20,0.27,-8.00,0,17,49,25,558
1,-2.04,-0.20,-7.65,0,17,49,25,627
1,-2.43,0.71,-6.75,0,17,49,25,697
1,-2.00,1.26,-7.57,0,17,49,25,764
1,-2.47,0.90,-7.34,0,17,49,25,834
1,-2.55,0.94,-7.69,0,17,49,25,902
1,-2.55,1.29,-6.79,0,17,49,25,971
1,-2.35,1.69,-7.61,0,17,49,26,39
1,-2.71,2.08,-7.49,0,17,49,26,108
1,-2.90,2.51,-7.92,0,17,49,26,176
1,-2.98,2.28,-7.41,0,17,49,26,248
1,-2.86,2.35,-7.14,0,17,49,26,316
1,-2.94,2.43,-7.14,0,17,49,26,386
1,-2.86,2.35,-6.90,0,17,49,26,454
1,-2.86,2.43,-7.30,0,17,49,26,524
1,-2.82,2.24,-7.30,0,17,49,26,593
1,-2.67,2.28,-7.14,0,17,49,26,662
1,-2.51,2.75,-7.57,0,17,49,26,734
1,-2.55,2.39,-7.30,0,17,49,26,812
1,-3.02,2.71,-7.02,0,17,49,26,882
1,-2.24,3.02,-8.24,0,17,49,26,951
1,-2.55,2.51,-6.98,0,17,49,27,18
1,-2.39,2.63,-7.14,0,17,49,27,87
1,-1.92,2.79,-7.65,0,17,49,27,160
1,-1.96,2.51,-7.53,0,17,49,27,229
1,-2.00,2.39,-7.45,0,17,49,27,297
1,-1.96,2.51,-7.41,0,17,49,27,366
1,-2.04,2.55,-7.73,0,17,49,27,437
1,-2.12,2.47,-7.41,0,17,49,27,506
1,-2.08,2.47,-7.26,0,17,49,27,576
1,-2.00,2.43,-7.73,0,17,49,27,649
1,-2.20,2.63,-7.49,0,17,49,27,719
1,-2.04,2.67,-7.34,0,17,49,27,793
1,-2.20,2.82,-8.20,0,17,49,27,862
1,-2.00,2.47,-7.49,0,17,49,27,929
1,-2.16,2.55,-7.18,0,17,49,27,998
1,-2.08,2.71,-7.30,0,17,49,28,67
1,-2.04,2.63,-7.37,0,17,49,28,138
1,-1.96,2.59,-7.49,0,17,49,28,206
1,-2.04,2.47,-7.41,0,17,49,28,274
1,-1.84,2.35,-7.65,0,17,49,28,344
1,-1.92,2.04,-7.49,0,17,49,28,411
1,-1.92,2.16,-7.57,0,17,49,28,479
1,-1.96,1.77,-7.57,0,17,49,28,547
1,-2.04,1.65,-7.65,0,17,49,28,616
1,-2.00,1.22,-7.77,0,17,49,28,685
1,-1.92,1.22,-7.81,0,17,49,28,753
1,-1.92,1.29,-7.96,0,17,49,28,824
1,-2.16,1.18,-7.57,0,17,49,28,894
1,-2.04,1.14,-8.16,0,17,49,28,962
1,-2.47,1.65,-7.53,0,17,49,29,38
1,-3.14,2.59,-7.85,0,17,49,29,106
1,-3.61,3.88,-6.55,0,17,49,29,175
1,-7.41,9.96,-2.67,0,17,49,29,250
1,-2.75,9.49,-2.55,0,17,49,29,321
1,-2.98,5.92,1.73,0,17,49,29,392
1,-5.18,9.53,1.57,0,17,49,29,462
1,-4.43,8.51,3.61,0,17,49,29,531
1,-2.71,8.75,4.24,0,17,49,29,603
1,-2.08,5.61,-0.35,0,17,49,29,671
1,-3.57,7.34,4.59,0,17,49,29,739
1,-2.90,10.43,4.94,0,17,49,29,842
1,-3.49,9.85,4.86,0,17,49,29,911
1,-3.49,9.77,4.82,0,17,49,29,978
1,-4.75,8.08,4.63,0,17,49,30,49
1,-3.33,9.41,4.63,0,17,49,30,116
1,-3.69,8.83,4.47,0,17,49,30,185
1,-4.12,7.92,4.35,0,17,49,30,253
1,-4.16,8.47,2.55,0,17,49,30,320
1,-4.00,7.96,1.41,0,17,49,30,390
1,-4.24,11.69,-4.63,0,17,49,30,460
1,-5.73,7.65,-2.12,0,17,49,30,528
1,-6.35,6.98,-2.51,0,17,49,30,595
1,-5.65,7.06,-1.65,0,17,49,30,664
1,-6.08,7.53,-2.51,0,17,49,30,732
1,-6.00,7.77,-2.43,0,17,49,30,801
1,-5.73,7.30,-2.35,0,17,49,30,875
1,-5.57,7.37,-2.28,0,17,49,30,943
1,-5.65,7.49,-2.82,0,17,49,31,12
1,-5.22,7.73,-3.06,0,17,49,31,81
1,-5.81,7.06,-2.67,0,17,49,31,152
1,-6.75,6.20,-2.59,0,17,49,31,220
1,-6.35,6.71,-2.43,0,17,49,31,289
1,-5.96,6.28,-3.14,0,17,49,31,357
1,-5.96,6.35,-4.08,0,17,49,31,424
1,-5.45,5.84,-4.43,0,17,49,31,492
1,-6.51,4.63,-4.39,0,17,49,31,561
1,-6.43,5.02,-4.94,0,17,49,31,631
1,-5.96,2.04,-4.94,0,17,49,31,699
1,-6.00,5.26,-4.47,0,17,49,31,771
1,-6.08,4.82,-5.37,0,17,49,31,843
1,-5.88,5.14,-4.75,0,17,49,31,911
1,-6.28,4.39,-4.12,0,17,49,31,982
1,-5.88,4.75,-4.86,0,17,49,32,55
1,-6.28,4.98,-4.63,0,17,49,32,129
1,-5.92,5.14,-4.90,0,17,49,32,197
1,-5.96,4.98,-4.59,0,17,49,32,264
1,-6.28,5.30,-4.43,0,17,49,32,333
1,-6.39,5.18,-4.67,0,17,49,32,401
1,-6.28,5.41,-4.31,0,17,49,32,470
1,-6.47,4.86,-4.35,0,17,49,32,539
1,-6.04,5.77,-4.75,0,17,49,32,608
1,-6.32,5.69,-4.75,0,17,49,32,676
1,-6.04,5.57,-4.20,0,17,49,32,744
1,-6.16,5.37,-3.69,0,17,49,32,812
1,-5.65,5.18,-3.41,0,17,49,32,891
1,-5.61,5.92,-3.77,0,17,49,32,959
1,-6.08,5.45,-3.37,0,17,49,33,27
1,-5.53,5.73,-3.96,0,17,49,33,105
1,-6.67,5.92,-5.06,0,17,49,33,174
1,-5.26,6.83,-4.28,0,17,49,33,243
1,-4.86,5.18,-4.20,0,17,49,33,313
1,-6.04,4.39,-3.88,0,17,49,33,386
1,-6.12,5.84,-4.86,0,17,49,33,455
1,-4.90,5.06,-6.16,0,17,49,33,523
1,-4.79,4.47,-6.51,0,17,49,33,592
1,-4.59,3.96,-6.20,0,17,49,33,660
1,-4.75,4.12,-5.84,0,17,49,33,727
1,-4.51,4.16,-5.77,0,17,49,33,800
1,-4.86,4.31,-6.04,0,17,49,33,875
1,-4.67,4.98,-6.83,0,17,49,33,944
1,-4.39,4.55,-5.96,0,17,49,34,12
1,-4.39,4.12,-5.69,0,17,49,34,81
1,-4.47,3.96,-5.88,0,17,49,34,150
1,-4.67,4.16,-6.24,0,17,49,34,219
1,-4.67,4.75,-6.79,0,17,49,34,288
1,-4.39,4.71,-6.47,0,17,49,34,357
1,-4.04,4.35,-5.65,0,17,49,34,425
1,-3.96,4.08,-5.41,0,17,49,34,494
1,-4.12,4.51,-6.00,0,17,49,34,562
1,-4.55,4.79,-6.16,0,17,49,34,631
1,-4.59,4.63,-6.16,0,17,49,34,700
1,-4.20,4.94,-6.28,0,17,49,34,768
1,-4.43,5.06,-6.08,0,17,49,34,836
1,-4.16,5.45,-6.24,0,17,49,34,907
1,-4.16,4.86,-5.22,0,17,49,34,976
1,-4.04,4.55,-5.37,0,17,49,35,45
1,-4.00,4.67,-6.00,0,17,49,35,115
1,-4.31,4.67,-6.00,0,17,49,35,193
1,-4.71,4.86,-5.88,0,17,49,35,261
1,-4.75,4.86,-5.96,0,17,49,35,330
1,-4.51,4.90,-6.32,0,17,49,35,398
1,-4.16,5.14,-6.32,0,17,49,35,468
1,-4.04,5.10,-5.65,0,17,49,35,536
1,-4.08,5.02,-5.37,0,17,49,35,605
1,-4.28,4.59,-5.53,0,17,49,35,682
1,-4.59,3.80,-5.41,0,17,49,35,754
1,-4.98,3.49,-5.73,0,17,49,35,823
1,-5.02,4.43,-7.06,0,17,49,35,891
1,-5.06,4.63,-6.51,0,17,49,35,961
1,-4.79,4.39,-6.00,0,17,49,36,29
1,-4.59,4.12,-5.88,0,17,49,36,97
1,-4.59,4.04,-6.20,0,17,49,36,172
1,-4.31,4.24,-6.39,0,17,49,36,243
1,-4.35,4.28,-5.49,0,17,49,36,312
1,-4.59,4.39,-5.30,0,17,49,36,380
1,-5.37,5.45,-5.49,0,17,49,36,449
1,-4.51,4.98,-4.79,0,17,49,36,518
1,-4.98,7.77,-6.00,0,17,49,36,586
1,-4.47,6.51,-4.90,0,17,49,36,656
1,-4.55,8.71,-4.24,0,17,49,36,724
1,-5.02,9.92,-1.49,0,17,49,36,793
1,-5.06,9.49,-1.57,0,17,49,36,861
1,-7.22,8.59,0.63,0,17,49,36,930
1,-4.47,5.57,1.22,0,17,49,36,997
1,-6.00,7.49,2.43,0,17,49,37,66
1,-5.33,6.79,3.45,0,17,49,37,140
1,-6.08,7.73,4.24,0,17,49,37,208
1,-5.26,8.55,2.82,0,17,49,37,286
1,-5.96,8.51,3.49,0,17,49,37,354
1,-5.69,7.61,4.39,0,17,49,37,428
1,-5.61,7.69,4.63,0,17,49,37,499
1,-6.51,7.45,4.31,0,17,49,37,568
1,-6.71,7.61,4.67,0,17,49,37,636
1,-6.28,7.61,4.59,0,17,49,37,708
1,-6.83,8.00,4.12,0,17,49,37,776
1,-6.71,6.86,4.00,0,17,49,37,846
1,-6.90,6.43,4.24,0,17,49,37,915
1,-6.24,7.73,4.35,0,17,49,37,986
1,-5.81,7.92,4.67,0,17,49,38,55
1,-5.81,8.39,4.67,0,17,49,38,125
1,-6.39,8.87,3.92,0,17,49,38,194
1,-6.51,8.08,3.84,0,17,49,38,262
1,-6.28,8.39,3.77,0,17,49,38,332
1,-5.81,8.39,3.57,0,17,49,38,400
1,-5.77,7.57,3.73,0,17,49,38,469
1,-5.69,7.92,3.57,0,17,49,38,538
1,-6.24,7.88,3.26,0,17,49,38,606
1,-6.98,8.08,2.59,0,17,49,38,677
1,-6.55,8.20,3.73,0,17,49,38,759
1,-6.83,7.61,3.02,0,17,49,38,837
1,-7.18,8.51,2.82,0,17,49,38,913
1,-6.47,8.24,2.55,0,17,49,38,981
1,-6.35,9.18,2.04,0,17,49,39,51
1,-6.04,8.83,2.20,0,17,49,39,119
1,-7.02,9.14,1.02,0,17,49,39,187
1,-5.84,8.63,0.16,0,17,49,39,255
1,-4.82,8.71,-0.55,0,17,49,39,324
1,-5.18,8.39,-1.96,0,17,49,39,393
1,-5.30,6.98,-3.77,0,17,49,39,461
1,-3.80,5.33,-5.06,0,17,49,39,535
1,-3.84,4.28,-5.33,0,17,49,39,604
1,-3.49,3.30,-6.16,0,17,49,39,673
1,-3.49,2.59,-6.63,0,17,49,39,744
1,-3.37,1.80,-7.02,0,17,49,39,812
1,-3.14,1.65,-7.49,0,17,49,39,900
1,-3.41,-1.29,-8.04,0,17,49,39,969
1,-3.45,0.00,-7.57,0,17,49,40,39
1,-2.59,1.69,-7.81,0,17,49,40,139
1,-2.94,1.41,-6.16,0,17,49,40,208
1,-3.18,1.37,-7.06,0,17,49,40,278
1,-3.65,1.65,-7.69,0,17,49,40,346
1,-3.49,2.28,-7.69,0,17,49,40,427
1,-3.84,4.08,-6.83,0,17,49,40,495
1,-2.94,2.67,-6.20,0,17,49,40,563
1,-4.47,1.22,-6.43,0,17,49,40,635
1,-3.30,3.57,-7.30,0,17,49,40,706
1,-1.92,0.90,-7.26,0,17,49,40,775
1,0.08,4.90,-6.12,0,17,49,40,842

