1,-2.71,1.29,-7.61,0,17,52,6,491
1,-2.86,1.22,-7.30,0,17,52,7,559
1,-2.75,1.14,-7.37,0,17,52,8,633
1,-2.75,1.02,-7.41,0,17,52,9,702
1,-2.75,1.14,-7.57,0,17,52,10,772
1,-2.82,1.10,-7.41,0,17,52,11,842
1,-2.79,1.02,-7.26,0,17,52,12,910
1,-2.71,1.14,-7.41,0,17,52,13,980
1,-2.90,1.06,-7.45,0,17,52,14,48
1,-2.82,1.14,-7.61,0,17,52,15,120
1,-2.79,0.98,-7.57,0,17,52,16,193
1,-2.71,0.90,-7.49,0,17,52,17,262
1,-2.86,1.06,-7.57,0,17,52,18,331
1,-2.94,1.06,-7.65,0,17,52,19,402
1,-3.06,1.26,-9.02,0,17,52,20,471
1,-2.75,0.94,-7.77,0,17,52,21,542
1,-2.98,0.90,-7.26,0,17,52,22,610
1,-2.63,0.94,-7.69,0,17,52,23,680
1,-2.90,0.94,-7.85,0,17,52,24,762
1,-2.90,0.82,-7.88,0,17,52,25,836
1,-2.79,0.94,-7.57,0,17,52,26,907
1,-2.94,0.82,-7.61,0,17,52,27,982
1,-3.22,0.90,-7.69,0,17,52,28,50
1,-3.73,0.71,-8.20,0,17,52,29,119
1,-2.86,0.55,-7.49,0,17,52,30,189
1,-3.22,1.10,-7.57,0,17,52,31,259
1,-2.67,1.10,-7.57,0,17,52,32,327
1,-3.26,1.33,-7.06,0,17,52,33,395
1,-3.02,1.06,-6.94,0,17,52,34,463
1,-3.73,1.02,-6.79,0,17,52,35,534
1,-3.84,0.59,-6.35,0,17,52,36,602
1,-3.77,0.63,-6.28,0,17,52,37,672
1,-4.00,0.55,-6.28,0,17,52,38,745
1,-3.57,0.71,-6.98,0,17,52,39,814
1,-4.04,0.98,-7.34,0,17,52,40,882
1,-3.96,1.02,-7.45,0,17,52,41,952
1,-4.16,0.98,-7.02,0,17,52,42,20
1,-3.96,1.06,-6.86,0,17,52,43,93
1,-4.12,0.82,-6.90,0,17,52,44,168
1,-4.12,0.86,-6.79,0,17,52,45,241
1,-3.80,0.59,-6.90,0,17,52,46,309
1,-3.57,0.94,-7.10,0,17,52,47,379
1,-3.45,1.02,-7.10,0,17,52,48,448
1,-3.57,1.41,-7.22,0,17,52,49,518
1,-3.53,1.33,-7.30,0,17,52,50,588
1,-4.00,1.29,-7.69,0,17,52,51,657
1,-3.41,1.22,-7.53,0,17,52,52,727
1,-2.86,1.22,-7.02,0,17,52,53,808
1,-3.06,1.18,-7.30,0,17,52,54,877
1,-3.02,1.02,-7.18,0,17,52,55,946
1,-2.98,1.26,-7.37,0,17,52,56,14
1,-2.90,1.02,-7.49,0,17,52,57,89
1,-2.90,1.02,-8.04,0,17,52,58,156
1,-3.30,0.94,-7.61,0,17,52,59,241
1,-3.02,0.82,-7.45,0,17,53,0,310
1,-3.10,0.90,-7.41,0,17,53,1,379
1,-2.98,0.90,-7.45,0,17,53,2,450
1,-3.18,1.02,-7.30,0,17,53,3,519
1,-3.02,0.94,-7.34,0,17,53,4,587
1,-2.82,0.86,-7.45,0,17,53,5,658
1,-2.79,0.94,-7.61,0,17,53,6,731
1,-2.79,0.94,-7.69,0,17,53,7,799
1,-2.75,0.82,-7.65,0,17,53,8,871
1,-2.82,0.78,-7.61,0,17,53,9,941
1,-3.14,1.10,-7.81,0,17,53,10,11
1,-3.14,0.90,-7.45,0,17,53,11,79
1,-2.94,1.06,-7.37,0,17,53,12,147
1,-3.30,0.90,-7.10,0,17,53,13,216
1,-3.26,1.10,-7.34,0,17,53,14,286
1,-3.22,1.14,-7.10,0,17,53,15,355
1,-3.30,0.94,-7.22,0,17,53,16,422
1,-3.26,0.94,-7.37,0,17,53,17,492
1,-3.30,0.94,-7.65,0,17,53,18,561
1,-3.22,1.29,-7.61,0,17,53,19,630
1,-3.10,1.37,-7.45,0,17,53,20,697
1,-3.37,1.37,-7.45,0,17,53,21,776
1,-3.10,0.78,-8.63,0,17,53,22,845
1,-3.18,0.86,-6.47,0,17,53,23,914
1,-2.86,0.82,-7.61,0,17,53,24,983
1,-3.02,0.98,-7.77,0,17,53,25,52
1,-3.14,1.10,-7.45,0,17,53,26,120
1,-3.06,1.02,-7.45,0,17,53,27,192
1,-3.02,0.94,-7.37,0,17,53,28,262
1,-3.02,1.10,-7.53,0,17,53,29,331
1,-2.90,1.06,-7.41,0,17,53,30,400
1,-3.06,0.90,-7.49,0,17,53,31,473
1,-2.94,0.86,-8.00,0,17,53,32,547
1,-3.10,1.18,-8.79,0,17,53,33,616
1,-2.98,1.26,-7.73,0,17,53,34,687
1,-3.22,1.02,-6.32,0,17,53,35,756
1,-3.26,1.26,-7.53,0,17,53,36,828
1,-3.61,1.22,-7.77,0,17,53,37,897
1,-3.30,1.22,-6.90,0,17,53,38,967
1,-2.79,1.18,-6.47,0,17,53,39,47
1,-3.49,1.29,-6.43,0,17,53,40,118
1,-3.88,1.18,-7.02,0,17,53,41,189
1,-4.16,1.14,-7.22,0,17,53,42,258
1,-3.96,0.82,-7.34,0,17,53,43,328
1,-3.61,0.82,-7.30,0,17,53,44,396
1,-3.53,1.02,-7.22,0,17,53,45,468
1,-3.37,0.90,-7.14,0,17,53,46,538
1,-3.77,0.75,-6.98,0,17,53,47,605
1,-3.57,0.86,-6.90,0,17,53,48,674
1,-3.61,0.67,-6.00,0,17,53,49,743
1,-3.37,0.82,-6.67,0,17,53,50,812
1,-3.14,1.80,-8.71,0,17,53,51,879
1,-3.10,1.14,-8.90,0,17,53,52,950
1,-3.57,0.82,-7.69,0,17,53,53,18
1,-3.69,0.31,-7.22,0,17,53,54,87
1,-3.45,0.31,-7.18,0,17,53,55,157
1,-3.57,0.39,-7.26,0,17,53,56,227
1,-3.06,0.67,-7.37,0,17,53,57,295
1,-3.77,0.59,-7.30,0,17,53,58,363
1,-3.88,0.82,-7.34,0,17,53,59,431
1,-3.57,1.10,-7.53,0,17,54,0,498
1,-3.45,0.98,-8.28,0,17,54,1,567
1,-3.69,0.78,-7.34,0,17,54,2,636
1,-3.80,0.39,-6.86,0,17,54,3,706
1,-4.28,0.04,-6.16,0,17,54,4,773
1,-4.24,0.43,-5.69,0,17,54,5,844
1,-4.00,0.82,-6.43,0,17,54,6,913
1,-3.69,0.90,-7.18,0,17,54,7,982
1,-3.57,0.82,-7.34,0,17,54,8,51
1,-3.61,0.98,-7.34,0,17,54,9,119
1,-3.65,0.78,-7.26,0,17,54,10,187
1,-3.53,0.90,-6.86,0,17,54,11,255
1,-3.57,1.06,-7.30,0,17,54,12,323
1,-3.84,1.22,-7.45,0,17,54,13,391
1,-3.37,1.14,-7.73,0,17,54,14,459
1,-1.88,1.92,-6.86,0,17,54,15,528
1,-3.96,0.78,-5.96,0,17,54,16,597
1,-3.73,0.59,-7.02,0,17,54,17,666
1,-3.18,0.82,-7.45,0,17,54,18,734
1,-3.41,1.06,-7.45,0,17,54,19,804
1,-3.53,0.90,-7.45,0,17,54,20,873
1,-3.57,0.94,-7.61,0,17,54,21,941
1,-3.53,1.10,-7.45,0,17,54,22,10
1,-3.37,1.06,-7.34,0,17,54,23,82
1,-3.22,1.29,-6.51,0,17,54,24,151
1,-3.84,0.71,-6.67,0,17,54,25,219
1,-3.33,0.98,-7.88,0,17,54,26,306
1,-3.22,1.10,-7.96,0,17,54,27,385
1,-3.06,1.14,-7.10,0,17,54,28,454
1,-3.45,0.78,-6.98,0,17,54,29,524
1,-3.61,0.67,-7.30,0,17,54,30,593
1,-3.37,0.78,-7.49,0,17,54,31,661
1,-3.45,0.94,-7.57,0,17,54,32,731
1,-3.45,0.75,-7.41,0,17,54,33,801
1,-3.45,0.94,-7.37,0,17,54,34,871
1,-3.49,0.82,-7.14,0,17,54,35,939
1,-3.61,0.90,-7.30,0,17,54,36,18
1,-3.57,0.94,-7.34,0,17,54,37,87
1,-3.41,1.18,-7.22,0,17,54,38,156
1,-3.65,0.90,-6.75,0,17,54,39,225
1,-3.57,0.71,-7.30,0,17,54,40,294
1,-3.92,0.75,-7.37,0,17,54,41,363
1,-3.61,0.71,-7.18,0,17,54,42,431
1,-3.77,1.06,-7.26,0,17,54,43,503
1,-3.77,1.06,-7.14,0,17,54,44,572
1,-3.41,0.59,-7.18,0,17,54,45,639
1,-3.45,0.67,-7.10,0,17,54,46,708
1,-3.57,0.82,-7.14,0,17,54,47,776
1,-3.57,0.82,-7.45,0,17,54,48,846
1,-3.65,0.82,-7.53,0,17,54,49,914
1,-3.61,0.82,-7.45,0,17,54,50,983
1,-3.53,0.75,-7.37,0,17,54,51,51
1,-3.33,0.82,-7.26,0,17,54,52,119
1,-3.53,0.82,-6.98,0,17,54,53,189
1,-3.61,0.86,-7.18,0,17,54,54,258
1,-3.49,0.94,-7.14,0,17,54,55,327
1,-3.33,1.22,-7.57,0,17,54,56,395
1,-3.49,1.14,-7.65,0,17,54,57,465
1,-3.84,1.26,-6.55,0,17,54,58,533
1,-3.57,1.29,-7.37,0,17,54,59,601
1,-3.77,1.02,-7.65,0,17,55,0,670
1,-3.37,0.90,-7.22,0,17,55,1,738
1,-3.33,1.22,-7.61,0,17,55,2,808
1,-3.61,1.18,-7.26,0,17,55,3,879
1,-3.33,0.86,-7.06,0,17,55,4,948
1,-3.33,1.06,-7.41,0,17,55,5,20
1,-3.45,1.06,-7.41,0,17,55,6,95
1,-3.37,1.02,-7.37,0,17,55,7,167
1,-3.30,0.94,-7.34,0,17,55,8,236
1,-3.41,1.06,-7.34,0,17,55,9,306
1,-3.37,1.26,-7.18,0,17,55,10,374
1,-3.61,1.22,-7.34,0,17,55,11,443
1,-3.41,1.10,-7.65,0,17,55,12,513
1,-2.82,1.18,-8.51,0,17,55,13,582
1,-3.49,1.06,-7.14,0,17,55,14,651
1,-3.45,1.33,-7.06,0,17,55,15,720
1,-3.37,1.33,-7.34,0,17,55,16,788
1,-3.57,1.26,-7.37,0,17,55,17,862
1,-3.22,1.06,-7.49,0,17,55,18,932
1,-3.26,1.18,-7.45,0,17,55,19,1
1,-3.33,1.22,-7.30,0,17,55,20,68
1,-3.41,1.18,-7.49,0,17,55,21,137
1,-3.41,1.18,-7.49,0,17,55,22,205
1,-3.45,1.22,-7.26,0,17,55,23,274
1,-3.49,1.33,-7.37,0,17,55,24,343
1,-3.41,1.22,-7.34,0,17,55,25,414
1,-3.69,1.18,-7.34,0,17,55,26,485
1,-3.14,1.06,-7.34,0,17,55,27,553
1,-3.49,0.98,-7.41,0,17,55,28,622
1,-3.53,1.02,-7.53,0,17,55,29,707
1,-3.65,1.06,-7.14,0,17,55,30,775
1,-3.49,1.10,-6.79,0,17,55,31,844
1,-3.57,0.90,-6.67,0,17,55,32,911
1,-3.57,1.02,-7.30,0,17,55,33,979
1,-3.61,0.98,-7.53,0,17,55,34,48
1,-3.57,0.98,-7.22,0,17,55,35,116
1,-3.49,1.02,-6.98,0,17,55,36,184
1,-3.30,1.10,-7.30,0,17,55,37,254
1,-3.30,1.18,-7.65,0,17,55,38,322
1,-3.53,0.98,-7.45,0,17,55,39,391
1,-3.33,0.98,-7.53,0,17,55,40,460
1,-3.45,0.82,-7.18,0,17,55,41,531
1,-3.37,0.94,-7.30,0,17,55,42,601
1,-3.33,0.94,-7.41,0,17,55,43,669
1,-3.53,1.02,-7.26,0,17,55,44,738
1,-3.57,1.02,-7.37,0,17,55,45,811
1,-3.45,1.02,-7.30,0,17,55,46,880
1,-3.49,1.06,-7.14,0,17,55,47,950
1,-3.41,0.98,-7.18,0,17,55,48,34
1,-3.26,0.90,-7.37,0,17,55,49,105
1,-3.30,1.02,-7.61,0,17,55,50,174
1,-3.30,1.10,-7.22,0,17,55,51,243
1,-3.49,1.06,-7.53,0,17,55,52,312
1,-3.33,0.98,-7.37,0,17,55,52,380
1,-3.45,1.06,-7.22,0,17,55,52,448
1,-3.37,1.18,-7.41,0,17,55,52,522
1,-3.45,1.10,-7.53,0,17,55,52,591
1,-3.41,0.98,-7.22,0,17,55,52,660
1,-3.18,0.86,-7.18,0,17,55,52,728
1,-3.37,0.98,-7.30,0,17,55,52,796
1,-2.90,-0.04,-7.37,0,17,55,52,864
1,-3.02,1.14,-7.37,0,17,55,52,933
1,-3.22,0.51,-7.81,0,17,55,53,3
1,-3.22,0.78,-7.53,0,17,55,53,73
1,-3.26,1.14,-7.30,0,17,55,53,141
1,-3.37,0.98,-7.18,0,17,55,53,209
1,-3.10,0.86,-7.49,0,17,55,53,278
1,-3.10,0.94,-7.69,0,17,55,53,346
1,-3.26,1.14,-7.45,0,17,55,53,415
1,-3.22,1.14,-7.14,0,17,55,53,485
1,-3.18,1.18,-7.37,0,17,55,53,554
1,-3.10,1.06,-7.49,0,17,55,53,624
1,-3.14,1.02,-7.34,0,17,55,53,692
1,-3.30,1.18,-7.41,0,17,55,53,761
1,-3.18,1.29,-7.34,0,17,55,53,830
1,-3.14,1.14,-7.57,0,17,55,53,900
1,-2.98,1.88,-6.16,0,17,55,53,970
1,-3.33,1.29,-7.18,0,17,55,54,43
1,-3.49,1.02,-7.10,0,17,55,54,112
1,-3.06,1.18,-7.61,0,17,55,54,181
1,-3.30,1.22,-7.37,0,17,55,54,252
1,-3.26,1.06,-7.22,0,17,55,54,325
1,-3.14,1.10,-7.49,0,17,55,54,394
1,-3.22,1.14,-7.34,0,17,55,54,462
1,-3.30,1.10,-7.30,0,17,55,54,530
1,-3.26,0.98,-7.41,0,17,55,54,600
1,-3.14,1.10,-7.41,0,17,55,54,669
1,-3.26,1.26,-7.41,0,17,55,54,766
1,-3.22,1.26,-7.30,0,17,55,54,836
1,-3.37,1.33,-7.37,0,17,55,54,905
1,-3.33,1.22,-7.22,0,17,55,54,972
1,-3.14,1.02,-7.30,0,17,55,55,41
1,-3.30,1.18,-7.53,0,17,55,55,113
1,-3.37,1.18,-7.22,0,17,55,55,185
1,-3.33,1.33,-7.10,0,17,55,55,254
1,-3.41,1.22,-7.49,0,17,55,55,326
1,-3.10,0.98,-7.34,0,17,55,55,393
1,-2.98,1.22,-7.49,0,17,55,55,466
1,-3.06,0.98,-7.22,0,17,55,55,536
1,-3.30,1.10,-7.45,0,17,55,55,605
1,-3.26,1.02,-7.57,0,17,55,55,674
1,-3.18,1.10,-7.49,0,17,55,55,743
1,-3.37,1.10,-7.18,0,17,55,55,814
1,-3.30,1.06,-7.22,0,17,55,55,887
1,-3.18,1.06,-7.41,0,17,55,55,956
1,-3.30,1.14,-7.34,0,17,55,56,24
1,-3.41,1.02,-7.41,0,17,55,56,96
1,-3.18,1.02,-7.37,0,17,55,56,172
1,-3.18,1.18,-7.41,0,17,55,56,240
1,-3.26,1.02,-7.14,0,17,55,56,309
1,-3.18,1.10,-7.41,0,17,55,56,378
1,-3.22,0.90,-7.45,0,17,55,56,447
1,-3.22,1.02,-7.49,0,17,55,56,517
1,-3.30,1.06,-7.37,0,17,55,56,586
1,-3.06,1.02,-7.37,0,17,55,56,655
1,-3.10,0.98,-7.45,0,17,55,56,727
1,-3.06,0.94,-7.45,0,17,55,56,796
1,-3.18,1.02,-7.45,0,17,55,56,866
1,-3.18,1.06,-7.34,0,17,55,56,934
1,-3.18,0.94,-7.49,0,17,55,57,2
1,-3.14,0.98,-7.45,0,17,55,57,71
1,-3.10,1.18,-7.49,0,17,55,57,140
1,-3.22,1.18,-7.10,0,17,55,57,208
1,-3.22,1.29,-7.45,0,17,55,57,278
1,-3.41,1.45,-7.34,0,17,55,57,349
1,-3.45,1.57,-7.18,0,17,55,57,417
1,-3.18,1.53,-8.55,0,17,55,57,487
1,-3.45,1.45,-7.61,0,17,55,57,558
1,-3.49,1.65,-6.59,0,17,55,57,628
1,-3.26,1.53,-7.37,0,17,55,57,696
1,-3.41,1.45,-7.30,0,17,55,57,764
1,-3.26,1.41,-7.34,0,17,55,57,834
1,-3.30,1.29,-7.49,0,17,55,57,903
1,-3.10,1.29,-7.69,0,17,55,57,971
1,-2.90,1.37,-7.65,0,17,55,58,40
1,-2.94,1.41,-7.26,0,17,55,58,112
1,-3.26,1.53,-6.90,0,17,55,58,181
1,-3.65,1.45,-6.86,0,17,55,58,251
1,-3.37,1.33,-8.67,0,17,55,58,319
1,-3.02,1.10,-7.92,0,17,55,58,388
1,-2.86,1.10,-7.02,0,17,55,58,459
1,-3.10,1.26,-6.86,0,17,55,58,527
1,-3.26,1.22,-7.22,0,17,55,58,596
1,-3.18,1.49,-7.73,0,17,55,58,665
1,-3.18,1.57,-7.61,0,17,55,58,734
1,-3.06,1.37,-7.41,0,17,55,58,802
1,-3.06,1.29,-7.30,0,17,55,58,871
1,-2.98,1.29,-7.49,0,17,55,58,965
1,-3.22,1.57,-7.26,0,17,55,59,34
1,-3.30,1.57,-7.14,0,17,55,59,103
1,-3.30,1.57,-7.45,0,17,55,59,171
1,-3.26,1.41,-7.49,0,17,55,59,239
1,-2.94,1.14,-7.49,0,17,55,59,308
1,-3.06,1.37,-7.53,0,17,55,59,377
1,-3.18,1.29,-7.22,0,17,55,59,446
1,-3.22,1.29,-7.30,0,17,55,59,513
1,-3.10,1.29,-7.53,0,17,55,59,585
1,-3.26,1.41,-7.37,0,17,55,59,655
1,-3.41,1.33,-7.22,0,17,55,59,725
1,-3.22,1.29,-7.30,0,17,55,59,794
1,-3.10,1.33,-7.49,0,17,55,59,862
1,-3.26,1.22,-7.37,0,17,55,59,933
1,-3.14,1.22,-7.45,0,17,56,0,1
1,-3.10,1.22,-7.26,0,17,56,0,72
1,-3.02,1.06,-7.45,0,17,56,0,144
1,-2.86,1.18,-7.53,0,17,56,0,212
1,-2.86,1.33,-7.49,0,17,56,0,287
1,-3.02,1.37,-7.45,0,17,56,0,359
1,-2.94,1.10,-7.34,0,17,56,0,428
1,-2.82,1.06,-7.41,0,17,56,0,496
1,-2.90,1.14,-7.49,0,17,56,0,564
1,-3.10,1.49,-7.45,0,17,56,0,632
1,-3.10,1.41,-7.49,0,17,56,0,700
1,-4.04,1.77,-5.53,0,17,56,0,769
1,-2.94,1.18,-7.30,0,17,56,0,838
1,-3.14,1.10,-7.45,0,17,56,0,907
1,-3.02,1.14,-7.49,0,17,56,0,984
1,-3.14,1.22,-7.45,0,17,56,1,53
1,-3.14,1.06,-7.49,0,17,56,1,122
1,-2.94,0.94,-7.41,0,17,56,1,189
1,-2.98,1.18,-7.34,0,17,56,1,259
1,-3.26,1.06,-7.30,0,17,56,1,327
1,-3.14,1.14,-7.45,0,17,56,1,395
1,-2.98,1.22,-7.37,0,17,56,1,463
1,-3.41,1.02,-7.34,0,17,56,1,533
1,-2.82,1.02,-7.45,0,17,56,1,606
1,-2.98,1.33,-7.53,0,17,56,1,701
1,-3.26,1.22,-7.34,0,17,56,1,771
1,-3.14,1.18,-7.49,0,17,56,1,840
1,-2.98,1.10,-7.49,0,17,56,1,908
1,-3.06,1.29,-7.45,0,17,56,1,977
1,-3.30,1.45,-7.34,0,17,56,2,45
1,-3.18,1.33,-7.37,0,17,56,2,115
1,-3.14,1.22,-7.34,0,17,56,2,182
1,-3.10,1.14,-7.34,0,17,56,2,261
1,-3.26,1.18,-7.37,0,17,56,2,329
1,-3.18,1.14,-7.41,0,17,56,2,398
1,-3.14,1.06,-7.37,0,17,56,2,468
1,-3.14,1.14,-7.49,0,17,56,2,536
1,-3.22,1.18,-7.37,0,17,56,2,605
1,-3.14,1.18,-7.49,0,17,56,2,673
1,-3.14,1.14,-7.30,0,17,56,2,742
1,-3.10,1.14,-7.30,0,17,56,2,809
1,-3.14,1.06,-7.34,0,17,56,2,888
1,-3.14,1.18,-7.49,0,17,56,2,956
1,-3.22,1.06,-7.41,0,17,56,3,27
1,-3.02,1.10,-7.45,0,17,56,3,97
1,-3.14,1.02,-7.41,0,17,56,3,168
1,-3.14,1.14,-7.34,0,17,56,3,237
1,-3.14,1.10,-7.53,0,17,56,3,306
1,-3.22,1.10,-7.53,0,17,56,3,375
1,-3.14,1.02,-7.37,0,17,56,3,443
1,-3.14,0.98,-7.45,0,17,56,3,511
1,-3.22,0.98,-7.30,0,17,56,3,578
1,-3.14,1.14,-7.37,0,17,56,3,647
1,-3.22,1.10,-7.34,0,17,56,3,715
1,-3.18,1.06,-7.45,0,17,56,3,784
1,-3.14,1.06,-7.37,0,17,56,3,852
1,-3.14,1.02,-7.37,0,17,56,3,920
1,-3.18,1.06,-7.34,0,17,56,3,988
1,-3.18,1.10,-7.45,0,17,56,4,59
1,-3.18,1.06,-7.45,0,17,56,4,126
1,-3.18,1.02,-7.37,0,17,56,4,195
1,-3.22,1.10,-7.34,0,17,56,4,264
1,-3.26,1.14,-7.41,0,17,56,4,332
1,-3.22,1.10,-7.34,0,17,56,4,408
1,-3.14,1.06,-7.37,0,17,56,4,479
1,-3.18,1.10,-7.30,0,17,56,4,550
1,-3.22,1.14,-7.37,0,17,56,4,619
1,-3.10,1.10,-7.53,0,17,56,4,688
1,-3.14,1.14,-7.30,0,17,56,4,756
1,-3.14,1.06,-7.30,0,17,56,4,828
1,-3.10,1.10,-7.41,0,17,56,4,899
1,-3.14,1.14,-7.37,0,17,56,4,966
1,-3.22,1.06,-7.22,0,17,56,5,37
1,-3.14,1.10,-7.37,0,17,56,5,107
1,-3.10,1.06,-7.45,0,17,56,5,178
1,-3.10,1.10,-7.45,0,17,56,5,247
1,-3.10,1.06,-7.41,0,17,56,5,316
1,-3.14,1.10,-7.41,0,17,56,5,385
1,-3.14,1.10,-7.34,0,17,56,5,461
1,-3.18,1.06,-7.49,0,17,56,5,530
1,-3.18,0.98,-7.45,0,17,56,5,598
1,-3.10,0.98,-7.37,0,17,56,5,668
1,-3.06,0.98,-7.37,0,17,56,5,737
1,-3.18,1.10,-7.34,0,17,56,5,806
1,-3.18,1.06,-7.53,0,17,56,5,876
1,-3.18,1.02,-7.37,0,17,56,5,944
1,-3.14,1.06,-7.22,0,17,56,6,12
1,-3.02,0.98,-7.26,0,17,56,6,81
1,-3.14,1.02,-7.45,0,17,56,6,150
1,-3.18,1.10,-7.61,0,17,56,6,218
1,-3.18,1.10,-7.41,0,17,56,6,289
1,-3.14,1.02,-7.34,0,17,56,6,357
1,-3.18,1.02,-7.30,0,17,56,6,425
1,-3.18,1.02,-7.41,0,17,56,6,494
1,-3.18,0.94,-7.49,0,17,56,6,562
1,-3.30,1.14,-7.18,0,17,56,6,633
1,-3.14,1.06,-7.22,0,17,56,6,701
1,-3.14,0.94,-7.53,0,17,56,6,769
1,-3.26,1.02,-7.37,0,17,56,6,837
1,-3.22,1.02,-7.34,0,17,56,6,906
1,-3.30,0.94,-7.45,0,17,56,6,974
1,-3.41,1.18,-7.49,0,17,56,7,42
1,-3.14,1.02,-7.37,0,17,56,7,112
1,-3.22,0.98,-7.30,0,17,56,7,181
1,-3.18,0.86,-7.41,0,17,56,7,249
1,-3.26,1.06,-7.49,0,17,56,7,317
1,-3.37,1.10,-7.41,0,17,56,7,386
1,-3.30,1.02,-7.34,0,17,56,7,456
1,-3.10,0.98,-7.37,0,17,56,7,525
1,-3.22,1.02,-7.49,0,17,56,7,595
1,-3.18,1.26,-7.22,0,17,56,7,664
1,-3.18,1.02,-7.26,0,17,56,7,734
1,-3.30,1.06,-7.49,0,17,56,7,802
1,-3.22,1.06,-7.37,0,17,56,7,872
1,-3.22,1.06,-7.26,0,17,56,7,943
1,-3.10,1.02,-7.37,0,17,56,8,11
1,-3.30,1.10,-7.45,0,17,56,8,80
1,-3.30,1.06,-7.41,0,17,56,8,149
1,-3.22,0.98,-7.49,0,17,56,8,217
1,-3.26,0.98,-7.26,0,17,56,8,286
1,-3.22,0.94,-7.37,0,17,56,8,354
1,-3.22,1.02,-7.34,0,17,56,8,422
1,-3.22,0.94,-7.34,0,17,56,8,490
1,-3.33,1.06,-7.37,0,17,56,8,560
1,-3.22,0.98,-7.34,0,17,56,8,629
1,-3.06,0.94,-7.53,0,17,56,8,697
1,-3.30,0.98,-7.49,0,17,56,8,765
1,-3.37,1.02,-7.30,0,17,56,8,843
1,-3.14,0.94,-7.30,0,17,56,8,911
1,-3.14,0.86,-7.53,0,17,56,8,979
1,-3.26,0.98,-7.34,0,17,56,9,59
1,-3.26,1.02,-7.22,0,17,56,9,127
1,-3.22,0.98,-7.34,0,17,56,9,199
1,-3.18,0.94,-7.41,0,17,56,9,267
1,-3.14,0.90,-7.49,0,17,56,9,340
1,-3.26,0.94,-7.53,0,17,56,9,410
1,-3.37,0.90,-7.30,0,17,56,9,480
1,-3.18,0.90,-7.41,0,17,56,9,550
1,-3.26,0.94,-7.41,0,17,56,9,619
1,-3.26,0.98,-7.41,0,17,56,9,686
1,-3.22,0.94,-7.37,0,17,56,9,756
1,-3.30,0.90,-7.30,0,17,56,9,824
1,-3.22,1.06,-7.49,0,17,56,9,892
1,-3.22,0.98,-7.41,0,17,56,9,960
1,-3.22,1.02,-7.30,0,17,56,10,38
1,-3.18,1.06,-7.45,0,17,56,10,108
1,-3.18,0.94,-7.37,0,17,56,10,179
1,-3.26,0.94,-7.37,0,17,56,10,247
1,-3.30,0.98,-7.34,0,17,56,10,315
1,-3.26,0.98,-7.34,0,17,56,10,385
1,-3.33,0.98,-7.30,0,17,56,10,453
1,-3.30,1.10,-7.34,0,17,56,10,521
1,-3.33,1.18,-7.34,0,17,56,10,590
1,-3.18,0.90,-7.37,0,17,56,10,657
1,-3.06,0.78,-7.53,0,17,56,10,725
1,-3.33,0.90,-7.30,0,17,56,10,795
1,-3.26,1.02,-7.37,0,17,56,10,866
1,-3.26,1.02,-7.34,0,17,56,10,934
1,-3.41,1.06,-7.41,0,17,56,11,9
1,-3.33,1.02,-7.37,0,17,56,11,78
1,-3.33,0.94,-7.45,0,17,56,11,149
1,-3.30,0.98,-7.30,0,17,56,11,220
1,-3.37,1.06,-7.45,0,17,56,11,288
1,-3.37,1.02,-7.41,0,17,56,11,356
1,-3.30,0.94,-7.18,0,17,56,11,426
1,-3.33,1.02,-7.45,0,17,56,11,507
1,-3.45,0.86,-7.37,0,17,56,11,576
1,-3.33,1.06,-7.49,0,17,56,11,646
1,-3.33,0.90,-7.37,0,17,56,11,754
1,-3.37,0.86,-7.30,0,17,56,11,822
1,-3.26,0.94,-7.37,0,17,56,11,891
1,-3.33,0.94,-7.37,0,17,56,11,963
1,-3.33,0.94,-7.37,0,17,56,12,32
1,-3.33,0.90,-7.45,0,17,56,12,100
1,-3.33,0.94,-7.30,0,17,56,12,171
1,-3.26,0.86,-7.26,0,17,56,12,244
1,-3.30,0.86,-7.30,0,17,56,12,312
1,-3.41,0.90,-7.49,0,17,56,12,380
1,-3.30,0.94,-7.49,0,17,56,12,454
1,-3.33,0.94,-7.30,0,17,56,12,523
1,-3.37,0.94,-7.10,0,17,56,12,592
1,-3.26,0.94,-7.41,0,17,56,12,662
1,-3.41,0.98,-7.45,0,17,56,12,732
1,-3.49,0.98,-7.26,0,17,56,12,801
1,-3.30,0.90,-7.34,0,17,56,12,870
1,-3.33,0.94,-7.49,0,17,56,12,939
1,-3.45,0.94,-7.34,0,17,56,13,8
1,-3.33,0.94,-7.34,0,17,56,13,78
1,-3.26,0.94,-7.41,0,17,56,13,156
1,-3.45,0.94,-7.45,0,17,56,13,226
1,-3.37,1.02,-7.34,0,17,56,13,295
1,-3.37,0.98,-7.30,0,17,56,13,363
1,-3.49,1.02,-7.18,0,17,56,13,430
1,-3.33,1.02,-7.45,0,17,56,13,500
1,-3.45,1.02,-7.30,0,17,56,13,574
1,-3.41,1.02,-7.34,0,17,56,13,643
1,-3.41,0.94,-7.30,0,17,56,13,715
1,-3.37,1.02,-7.37,0,17,56,13,796
1,-3.41,0.98,-7.34,0,17,56,13,865
1,-3.37,0.98,-7.22,0,17,56,13,935
1,-3.33,0.94,-7.26,0,17,56,14,2
1,-3.37,0.90,-7.34,0,17,56,14,72
1,-3.37,0.94,-7.45,0,17,56,14,140
1,-3.57,0.98,-7.37,0,17,56,14,207
1,-3.37,1.02,-7.30,0,17,56,14,276
1,-3.41,0.94,-7.30,0,17,56,14,345
1,-3.49,0.90,-7.26,0,17,56,14,414
1,-3.45,0.90,-7.34,0,17,56,14,483
1,-3.45,0.90,-7.26,0,17,56,14,552
1,-3.45,0.98,-7.37,0,17,56,14,621
1,-3.41,0.90,-7.30,0,17,56,14,692
1,-3.41,0.94,-7.26,0,17,56,14,763
1,-3.33,0.90,-7.41,0,17,56,14,834
1,-3.41,0.90,-7.41,0,17,56,14,907
1,-3.41,0.94,-7.22,0,17,56,14,977
1,-3.41,0.86,-7.22,0,17,56,15,47
1,-3.37,0.90,-7.41,0,17,56,15,115
1,-3.41,0.94,-7.26,0,17,56,15,184
1,-3.45,0.90,-7.30,0,17,56,15,253
1,-3.45,0.90,-7.30,0,17,56,15,322
1,-3.49,0.98,-7.34,0,17,56,15,389
1,-3.33,0.98,-7.34,0,17,56,15,457
1,-3.37,0.90,-7.22,0,17,56,15,526
1,-3.41,0.90,-7.34,0,17,56,15,597
1,-3.41,0.94,-7.34,0,17,56,15,666
1,-3.37,0.98,-7.34,0,17,56,15,746
1,-3.37,0.90,-7.26,0,17,56,15,815
1,-3.30,0.90,-7.37,0,17,56,15,883
1,-3.37,0.94,-7.37,0,17,56,15,952
1,-3.53,0.86,-7.45,0,17,56,16,15
1,-3.45,0.90,-7.30,0,17,56,16,96
1,-3.37,0.90,-7.30,0,17,56,16,168
1,-3.45,0.86,-7.22,0,17,56,16,237
1,-3.33,0.82,-7.14,0,17,56,16,309
1,-3.41,0.82,-7.34,0,17,56,16,378
1,-3.37,0.90,-7.53,0,17,56,16,455
1,-3.37,0.98,-7.30,0,17,56,16,523
1,-3.37,1.18,-7.22,0,17,56,16,601
1,-3.37,1.06,-7.37,0,17,56,16,676
1,-3.53,1.02,-7.37,0,17,56,16,744
1,-3.45,0.98,-7.22,0,17,56,16,814
1,-3.41,1.02,-7.18,0,17,56,16,883
1,-3.61,1.06,-7.34,0,17,56,16,955
1,-3.49,1.06,-7.34,0,17,56,17,25
1,-3.49,1.10,-7.22,0,17,56,17,103
1,-3.45,1.18,-7.41,0,17,56,17,176
1,-3.57,1.10,-7.18,0,17,56,17,247
1,-3.53,1.10,-7.26,0,17,56,17,322
1,-3.57,1.22,-7.30,0,17,56,17,391
1,-3.61,1.14,-7.22,0,17,56,17,461
1,-3.49,1.14,-7.14,0,17,56,17,530
1,-3.57,1.02,-7.22,0,17,56,17,598
1,-3.65,1.10,-7.34,0,17,56,17,669
1,-3.61,1.10,-7.34,0,17,56,17,735
1,-3.65,0.90,-7.18,0,17,56,17,803
1,-3.41,0.90,-7.49,0,17,56,17,872
1,-3.61,1.18,-7.14,0,17,56,17,942
1,-3.61,1.22,-7.06,0,17,56,18,10
1,-3.61,1.18,-7.22,0,17,56,18,80
1,-3.57,1.10,-7.18,0,17,56,18,148
1,-3.57,1.02,-7.30,0,17,56,18,217
1,-3.57,1.10,-7.30,0,17,56,18,285
1,-3.49,1.06,-7.30,0,17,56,18,354
1,-3.41,1.02,-7.26,0,17,56,18,424
1,-3.33,1.02,-7.30,0,17,56,18,497
1,-3.33,1.02,-7.22,0,17,56,18,566
1,-3.49,0.98,-7.41,0,17,56,18,640
1,-3.37,0.98,-7.41,0,17,56,18,708
1,-3.30,0.94,-7.18,0,17,56,18,778
1,-2.90,0.94,-6.67,0,17,56,18,847
1,-2.63,1.22,-5.81,0,17,56,18,915
1,-2.82,1.65,-4.71,0,17,56,18,984
1,-2.43,1.29,-7.41,0,17,56,19,52
1,-1.92,0.39,-8.87,0,17,56,19,124
1,-1.77,0.35,-10.16,0,17,56,19,191
1,-2.55,0.75,-8.67,0,17,56,19,260
1,-2.35,0.86,-7.73,0,17,56,19,329
1,-1.88,1.18,-7.88,0,17,56,19,399

