1,-4.28,-2.20,-6.98,0,16,44,16,773
1,-4.04,-1.02,-7.41,0,16,44,17,843
1,-3.77,-0.20,-7.26,0,16,44,18,914
1,-3.80,-0.75,-7.30,0,16,44,19,983
1,-4.04,-1.33,-7.06,0,16,44,20,58
1,-3.73,-0.78,-7.14,0,16,44,21,127
1,-3.84,-0.16,-7.06,0,16,44,22,196
1,-3.92,-0.90,-7.06,0,16,44,23,263
1,-3.80,-0.59,-7.34,0,16,44,24,331
1,-3.73,-0.39,-7.30,0,16,44,25,399
1,-3.84,-1.02,-7.10,0,16,44,26,467
1,-3.92,-0.67,-7.06,0,16,44,27,536
1,-4.00,-0.51,-6.94,0,16,44,28,605
1,-3.88,-0.90,-7.10,0,16,44,29,673
1,-3.84,-0.63,-7.18,0,16,44,30,742
1,-3.84,-0.47,-7.10,0,16,44,31,810
1,-3.92,-0.63,-6.98,0,16,44,32,880
1,-4.00,-0.31,-7.02,0,16,44,33,950
1,-4.04,-0.31,-7.02,0,16,44,34,17
1,-3.80,-0.67,-6.98,0,16,44,35,87
1,-3.96,-0.27,-7.34,0,16,44,36,156
1,-3.88,-0.47,-7.10,0,16,44,37,225
1,-3.88,-0.47,-7.18,0,16,44,38,295
1,-3.92,-0.20,-7.10,0,16,44,39,365
1,-3.80,-0.51,-7.02,0,16,44,40,434
1,-4.04,-0.35,-7.14,0,16,44,41,503
1,-4.00,-0.51,-7.14,0,16,44,42,571
1,-4.00,-0.27,-7.02,0,16,44,43,639
1,-3.80,-0.39,-7.02,0,16,44,44,706
1,-3.92,-0.20,-7.14,0,16,44,45,774
1,-3.92,-0.43,-7.06,0,16,44,46,844
1,-3.96,-0.35,-7.06,0,16,44,47,912
1,-3.88,-0.20,-7.22,0,16,44,48,979
1,-3.84,-0.27,-7.18,0,16,44,49,49
1,-3.88,-0.20,-7.18,0,16,44,50,118
1,-3.96,-0.24,-7.06,0,16,44,51,186
1,-3.77,-0.47,-7.30,0,16,44,52,253
1,-3.80,-0.20,-7.10,0,16,44,53,322
1,-3.88,-0.24,-7.30,0,16,44,54,390
1,-3.88,-0.08,-7.14,0,16,44,55,459
1,-3.92,-0.47,-7.14,0,16,44,56,526
1,-3.77,0.04,-7.06,0,16,44,57,594
1,-3.73,-0.24,-7.14,0,16,44,58,664
1,-3.96,-0.39,-6.98,0,16,44,59,732
1,-3.73,0.00,-7.02,0,16,45,0,800
1,-3.84,-0.12,-7.22,0,16,45,1,868
1,-3.73,-0.12,-6.98,0,16,45,2,936
1,-3.41,0.63,-7.18,0,16,45,3,6
1,-3.61,-0.71,-7.65,0,16,45,4,74
1,-3.69,0.47,-7.41,0,16,45,5,146
1,-3.80,-0.78,-7.26,0,16,45,6,215
1,-4.20,-0.43,-7.49,0,16,45,7,282
1,-3.57,0.43,-6.90,0,16,45,8,351
1,-3.77,0.00,-6.98,0,16,45,9,420
1,-3.57,-0.12,-7.22,0,16,45,10,488
1,-3.73,0.00,-7.22,0,16,45,11,556
1,-3.73,0.04,-7.41,0,16,45,12,633
1,-3.96,-0.59,-7.18,0,16,45,13,702
1,-3.49,0.27,-7.30,0,16,45,14,770
1,-3.02,-0.82,-6.90,0,16,45,15,840
1,-3.80,-0.20,-7.65,0,16,45,16,909
1,-3.61,0.27,-7.41,0,16,45,17,991
1,-4.35,0.16,-6.63,0,16,45,18,61
1,-2.43,-1.06,-7.85,0,16,45,19,130
1,-2.51,0.86,-7.92,0,16,45,20,200
1,-6.08,-5.14,-5.61,0,16,45,21,270
1,-4.63,-1.49,-6.04,0,16,45,22,339
1,-4.71,-1.06,-6.24,0,16,45,23,408
1,-5.49,-0.71,-6.32,0,16,45,24,478
1,-3.65,-1.06,-7.18,0,16,45,25,567
1,-3.84,0.12,-7.30,0,16,45,26,636
1,-4.16,-0.98,-6.86,0,16,45,27,705
1,-3.57,0.35,-7.18,0,16,45,28,773
1,-2.59,0.51,-7.41,0,16,45,29,841
1,-3.37,0.31,-7.49,0,16,45,30,910
1,-2.98,-0.24,-7.65,0,16,45,31,980
1,-2.86,0.43,-7.53,0,16,45,32,50
1,-3.45,0.04,-7.37,0,16,45,33,119
1,-3.65,-0.71,-7.14,0,16,45,34,200
1,-3.22,-0.08,-7.41,0,16,45,35,270
1,-2.98,0.82,-7.45,0,16,45,36,340
1,-3.61,-0.59,-6.86,0,16,45,37,409
1,-3.61,0.27,-7.22,0,16,45,38,479
1,-3.53,-0.59,-7.30,0,16,45,39,549
1,-3.22,0.71,-7.49,0,16,45,40,618
1,-6.35,-0.71,-6.59,0,16,45,41,686
1,-4.08,-0.12,-8.36,0,16,45,42,755
1,-3.41,0.63,-7.18,0,16,45,43,824
1,-3.45,0.24,-7.37,0,16,45,44,893
1,-3.02,0.00,-7.65,0,16,45,45,961
1,-2.90,0.00,-7.45,0,16,45,46,29
1,-3.37,-0.04,-6.94,0,16,45,47,98
1,-3.30,0.20,-7.22,0,16,45,48,178
1,-3.18,-0.04,-7.57,0,16,45,49,246
1,-3.30,-0.86,-7.65,0,16,45,50,316
1,-3.65,0.04,-7.18,0,16,45,51,384
1,-3.30,0.27,-7.26,0,16,45,52,454
1,-3.77,-0.94,-6.94,0,16,45,53,522
1,-3.33,0.00,-7.49,0,16,45,54,591
1,-3.33,-0.71,-7.45,0,16,45,55,660
1,-3.69,-0.98,-7.18,0,16,45,56,730
1,-3.65,0.16,-7.30,0,16,45,57,798
1,-6.51,-2.67,-6.00,0,16,45,58,868
1,-3.84,-0.59,-7.57,0,16,45,59,935
1,-3.37,0.27,-7.26,0,16,46,0,17
1,-3.49,-1.02,-7.41,0,16,46,1,86
1,-3.18,0.16,-7.53,0,16,46,2,154
1,-2.82,-0.04,-7.57,0,16,46,3,223
1,-3.37,-0.55,-7.14,0,16,46,4,292
1,-3.10,-0.35,-7.53,0,16,46,5,360
1,-4.55,-0.47,-6.86,0,16,46,6,428
1,-2.67,-1.29,-7.96,0,16,46,7,497
1,-4.04,0.12,-7.10,0,16,46,8,568
1,-4.59,-0.71,-6.39,0,16,46,9,639
1,-4.28,-0.78,-6.83,0,16,46,10,709
1,-3.69,-0.16,-7.14,0,16,46,11,777
1,-3.84,-0.90,-6.94,0,16,46,12,846
1,-4.75,-0.67,-6.75,0,16,46,13,914
1,-4.51,-2.35,-6.32,0,16,46,14,983
1,-4.35,-0.86,-6.98,0,16,46,15,51
1,-4.47,-1.10,-6.28,0,16,46,16,120
1,-4.79,-2.94,-6.71,0,16,46,17,191
1,-5.02,-2.47,-6.35,0,16,46,18,260
1,-5.73,-1.37,-5.53,0,16,46,19,329
1,-5.37,-2.98,-5.84,0,16,46,20,398
1,-6.32,-2.20,-5.69,0,16,46,21,465
1,-5.81,-2.08,-5.41,0,16,46,22,535
1,-5.84,-2.16,-5.14,0,16,46,23,603
1,-6.35,-3.06,-4.90,0,16,46,24,674
1,-6.98,-5.33,-5.30,0,16,46,25,743
1,-6.16,-4.98,-5.30,0,16,46,26,811
1,-6.12,-1.96,-4.39,0,16,46,27,880
1,-4.82,-1.26,-3.33,0,16,46,28,951
1,-6.71,-3.02,-3.61,0,16,46,29,29
1,-7.41,-5.69,-5.06,0,16,46,30,98
1,-7.37,-2.24,-4.31,0,16,46,31,166
1,-7.37,-2.28,-3.96,0,16,46,32,236
1,-7.57,-3.80,-3.92,0,16,46,33,305
1,-7.02,-2.31,-4.00,0,16,46,34,375
1,-7.92,-2.71,-3.84,0,16,46,35,445
1,-8.79,-2.31,-4.82,0,16,46,36,514
1,-7.18,-1.92,-5.33,0,16,46,37,587
1,-7.14,-1.65,-4.67,0,16,46,38,656
1,-6.67,1.14,-6.39,0,16,46,39,725
1,-6.16,-1.49,-5.77,0,16,46,40,808
1,-6.51,-0.20,-6.35,0,16,46,41,879
1,-6.94,-1.06,-5.65,0,16,46,42,947
1,-6.86,-0.90,-4.82,0,16,46,43,18
1,-6.63,0.31,-5.65,0,16,46,44,87
1,-6.00,-0.04,-5.06,0,16,46,45,156
1,-4.86,-0.39,-5.88,0,16,46,46,225
1,-5.41,2.16,-4.04,0,16,46,47,294
1,-5.30,1.88,-3.61,0,16,46,48,362
1,-5.77,1.57,-7.61,0,16,46,49,431
1,-3.77,2.35,-8.12,0,16,46,50,500
1,-3.02,2.20,-8.67,0,16,46,51,570
1,-3.73,1.10,-8.59,0,16,46,52,638
1,-2.28,1.61,-8.55,0,16,46,53,716
1,-2.20,0.75,-7.69,0,16,46,54,784
1,-2.94,-0.08,-7.57,0,16,46,55,854
1,-2.08,0.20,-7.81,0,16,46,56,922
1,-1.88,1.18,-7.92,0,16,46,57,992
1,-1.57,1.06,-7.69,0,16,46,58,60
1,-1.61,0.75,-7.81,0,16,46,59,127
1,-1.77,0.94,-7.69,0,16,47,0,197
1,-1.53,0.94,-7.73,0,16,47,1,267
1,-1.73,0.20,-7.81,0,16,47,2,335
1,-1.41,1.33,-8.00,0,16,47,3,403
1,-1.96,0.98,-7.77,0,16,47,4,472
1,-2.43,0.31,-7.85,0,16,47,5,539
1,-2.00,0.59,-7.22,0,16,47,6,609
1,-1.33,1.02,-8.20,0,16,47,7,703
1,-1.84,0.63,-7.88,0,16,47,8,774
1,-2.39,0.27,-7.22,0,16,47,9,843
1,-2.51,0.82,-7.77,0,16,47,10,912
1,-1.06,0.27,-7.81,0,16,47,11,981
1,-1.33,0.71,-7.41,0,16,47,12,60
1,-1.02,0.12,-6.90,0,16,47,13,131
1,-1.22,0.39,-7.02,0,16,47,14,201
1,-1.26,0.35,-7.88,0,16,47,15,271
1,-1.26,0.51,-7.69,0,16,47,16,340
1,-0.82,1.29,-8.39,0,16,47,17,408
1,-1.65,1.37,-8.20,0,16,47,18,477
1,-1.77,-0.31,-7.92,0,16,47,19,547
1,-1.22,0.82,-7.77,0,16,47,20,616
1,-1.29,1.18,-7.73,0,16,47,21,687
1,-1.57,0.75,-7.77,0,16,47,22,755
1,-1.37,0.90,-7.73,0,16,47,23,826
1,-1.41,0.98,-7.34,0,16,47,24,894
1,-1.14,0.63,-8.08,0,16,47,25,968
1,-1.22,1.14,-8.00,0,16,47,26,38
1,-1.14,0.71,-7.88,0,16,47,27,106
1,-1.06,0.43,-7.88,0,16,47,28,175
1,-1.33,0.86,-7.69,0,16,47,29,244
1,-1.10,0.67,-7.85,0,16,47,30,313
1,-1.18,0.55,-7.85,0,16,47,31,382
1,-1.10,0.82,-7.92,0,16,47,32,451
1,-1.10,0.59,-7.96,0,16,47,33,523
1,-0.82,0.78,-7.92,0,16,47,34,592
1,-1.02,0.82,-7.81,0,16,47,35,659
1,-0.90,0.43,-7.65,0,16,47,36,727
1,-0.86,0.71,-7.73,0,16,47,37,797
1,-1.10,0.31,-7.88,0,16,47,38,871
1,-1.26,0.67,-7.73,0,16,47,39,940
1,-1.26,0.24,-7.73,0,16,47,40,7
1,-1.22,0.27,-8.04,0,16,47,41,78
1,-1.33,0.55,-7.77,0,16,47,42,147
1,-1.18,0.31,-8.24,0,16,47,43,216
1,-1.26,0.55,-7.57,0,16,47,44,285
1,-1.10,0.59,-7.77,0,16,47,45,358
1,-1.14,0.51,-7.69,0,16,47,46,426
1,-0.98,1.10,-7.85,0,16,47,47,495
1,-0.98,0.27,-7.69,0,16,47,48,566
1,-1.53,0.71,-7.69,0,16,47,49,636
1,-1.77,1.10,-7.81,0,16,47,50,705
1,-1.06,1.02,-8.04,0,16,47,51,774
1,-1.61,0.00,-7.65,0,16,47,52,843
1,-1.45,0.86,-7.77,0,16,47,53,913
1,-0.59,1.18,-7.61,0,16,47,54,18
1,-1.88,0.04,-8.20,0,16,47,55,86
1,-1.14,0.82,-7.26,0,16,47,56,157
1,-0.94,0.71,-7.73,0,16,47,57,226
1,-1.10,0.27,-7.53,0,16,47,58,296
1,-0.98,-0.04,-7.69,0,16,47,59,366
1,-0.75,0.24,-8.24,0,16,48,0,437
1,-0.63,0.08,-7.69,0,16,48,1,505
1,-0.78,-0.04,-7.69,0,16,48,2,574
1,-0.59,-0.20,-8.00,0,16,48,3,646
1,-0.55,-0.08,-7.81,0,16,48,4,715
1,-0.98,0.20,-8.39,0,16,48,5,785
1,-0.90,0.59,-7.57,0,16,48,6,853
1,-0.35,0.00,-7.88,0,16,48,7,924
1,-0.47,0.90,-7.61,0,16,48,8,994
1,-0.78,0.39,-7.69,0,16,48,9,66
1,-0.98,1.29,-7.77,0,16,48,10,134
1,-1.06,0.12,-8.08,0,16,48,11,204
1,-0.71,0.82,-8.12,0,16,48,12,272
1,-1.02,0.39,-8.00,0,16,48,13,342
1,-0.39,1.18,-7.96,0,16,48,14,411
1,-0.75,-0.31,-7.61,0,16,48,15,479
1,-0.59,1.02,-7.96,0,16,48,16,547
1,-0.82,0.04,-8.00,0,16,48,17,615
1,-0.55,0.43,-7.85,0,16,48,18,684
1,-0.51,0.51,-7.88,0,16,48,19,751
1,-0.51,-0.04,-7.73,0,16,48,20,819
1,-0.78,0.20,-7.65,0,16,48,21,889
1,-0.71,0.00,-7.88,0,16,48,22,956
1,-0.98,0.55,-6.83,0,16,48,23,27
1,-0.75,1.29,-7.73,0,16,48,24,101
1,-0.71,-0.04,-7.77,0,16,48,25,169
1,-0.27,1.14,-7.81,0,16,48,26,237
1,-0.63,0.20,-7.85,0,16,48,27,305
1,-0.59,0.75,-7.88,0,16,48,28,377
1,-0.51,0.55,-7.85,0,16,48,29,444
1,-0.55,0.47,-7.88,0,16,48,30,513
1,-0.59,0.90,-7.96,0,16,48,31,587
1,-0.63,0.16,-7.81,0,16,48,32,655
1,-0.71,0.75,-7.65,0,16,48,33,723
1,-0.59,0.39,-7.88,0,16,48,34,795
1,-0.55,0.82,-7.88,0,16,48,35,866
1,-0.75,0.47,-7.96,0,16,48,36,935
1,-0.86,0.82,-7.69,0,16,48,37,5
1,-0.67,0.63,-7.92,0,16,48,38,82
1,-0.67,0.67,-7.85,0,16,48,39,150
1,-0.75,0.43,-7.57,0,16,48,40,222
1,-0.67,0.82,-7.92,0,16,48,41,294
1,-0.67,0.43,-7.85,0,16,48,42,364
1,-0.59,0.86,-7.81,0,16,48,43,432
1,-0.63,0.55,-7.88,0,16,48,44,502
1,-0.75,0.63,-7.73,0,16,48,45,570
1,-0.67,0.67,-7.85,0,16,48,46,639
1,-0.67,0.59,-7.88,0,16,48,47,706
1,-0.82,0.47,-7.88,0,16,48,48,778
1,-0.63,0.59,-7.85,0,16,48,49,847
1,-0.71,0.63,-7.81,0,16,48,50,920
1,-0.75,0.59,-7.88,0,16,48,51,988
1,-0.67,0.63,-8.00,0,16,48,52,56
1,-0.86,0.67,-8.00,0,16,48,53,125
1,-0.78,0.59,-7.96,0,16,48,54,197
1,-0.75,0.75,-7.81,0,16,48,55,266
1,-0.67,0.59,-7.81,0,16,48,56,335
1,-0.75,0.86,-7.77,0,16,48,57,405
1,-0.71,0.47,-7.88,0,16,48,58,475
1,-0.63,0.55,-7.85,0,16,48,59,545
1,-0.75,0.55,-7.85,0,16,49,0,613
1,-0.63,0.82,-7.96,0,16,49,1,681
1,-0.86,0.47,-7.73,0,16,49,2,750
1,-0.86,0.71,-7.77,0,16,49,3,817
1,-0.82,0.51,-7.88,0,16,49,4,885
1,-0.78,0.51,-7.85,0,16,49,5,952
1,-0.82,0.71,-7.77,0,16,49,6,20
1,-0.78,0.63,-7.65,0,16,49,7,98
1,-0.63,0.55,-8.12,0,16,49,8,167
1,-0.75,0.51,-7.81,0,16,49,9,235
1,-0.51,0.82,-7.85,0,16,49,10,304
1,-0.43,0.63,-8.04,0,16,49,11,372
1,-1.26,1.14,-7.69,0,16,49,12,440
1,-0.71,0.82,-7.88,0,16,49,13,509
1,-0.78,0.86,-7.69,0,16,49,14,577
1,-0.82,0.51,-7.85,0,16,49,15,646
1,-0.78,0.71,-7.73,0,16,49,16,715
1,-0.75,0.55,-7.92,0,16,49,17,785
1,-0.86,0.59,-7.81,0,16,49,18,854
1,-0.86,0.51,-7.81,0,16,49,19,933
1,-0.86,0.63,-7.85,0,16,49,20,3
1,-0.90,0.24,-7.85,0,16,49,21,73
1,-0.94,0.90,-7.81,0,16,49,22,142
1,-0.98,0.12,-7.77,0,16,49,23,232
1,-0.98,0.51,-7.88,0,16,49,24,301
1,-0.98,0.59,-7.96,0,16,49,25,373
1,-1.22,0.39,-7.77,0,16,49,26,451
1,-0.94,0.55,-7.88,0,16,49,27,524
1,-1.02,0.51,-7.77,0,16,49,28,593
1,-1.06,0.43,-7.88,0,16,49,29,662
1,-1.02,0.78,-7.88,0,16,49,30,731
1,-1.06,0.12,-7.81,0,16,49,31,801
1,-0.94,0.75,-7.73,0,16,49,32,871
1,-0.98,0.39,-7.88,0,16,49,33,945
1,-1.14,0.31,-7.81,0,16,49,34,23
1,-1.02,0.47,-7.73,0,16,49,35,94
1,-1.02,0.35,-7.85,0,16,49,36,177
1,-1.02,0.43,-7.88,0,16,49,37,250
1,-1.02,0.59,-7.88,0,16,49,38,321
1,-1.14,0.16,-7.77,0,16,49,39,390
1,-0.94,0.67,-8.00,0,16,49,40,460
1,-1.10,0.08,-7.61,0,16,49,41,533
1,-0.98,0.71,-7.81,0,16,49,42,604
1,-0.94,0.12,-7.77,0,16,49,43,673
1,-1.10,0.59,-7.77,0,16,49,44,742
1,-0.63,0.71,-8.04,0,16,49,45,812
1,-1.10,0.43,-7.57,0,16,49,46,885
1,-1.14,0.63,-7.61,0,16,49,47,954
1,-1.33,0.43,-8.39,0,16,49,48,27
1,-0.55,0.75,-9.65,0,16,49,49,97
1,-0.24,0.67,-7.65,0,16,49,50,168
1,-0.35,0.67,-4.90,0,16,49,51,237
1,1.02,1.41,-9.73,0,16,49,52,306
1,0.00,0.82,-6.98,0,16,49,53,376
1,0.16,0.63,-8.04,0,16,49,54,452
1,0.31,0.59,-8.47,0,16,49,55,528
1,0.08,0.59,-7.61,0,16,49,56,596
1,0.04,0.71,-7.88,0,16,49,57,666
1,0.16,0.78,-7.85,0,16,49,58,737
1,0.08,0.63,-8.12,0,16,49,59,806
1,0.12,0.75,-8.12,0,16,50,0,876
1,-0.35,0.63,-7.96,0,16,50,1,944
1,-0.16,1.18,-7.69,0,16,50,2,20
1,-0.04,1.06,-7.88,0,16,50,3,90
1,-0.39,1.49,-7.96,0,16,50,4,167
1,-0.35,1.65,-8.04,0,16,50,5,238
1,-0.04,2.16,-8.20,0,16,50,6,309
1,-0.63,2.08,-7.49,0,16,50,7,377
1,-0.94,1.96,-7.30,0,16,50,8,449
1,-0.67,1.77,-7.65,0,16,50,9,521
1,-0.82,1.84,-7.81,0,16,50,10,592
1,-0.82,2.00,-7.53,0,16,50,11,663
1,-0.98,2.04,-7.81,0,16,50,12,731
1,-1.22,2.16,-7.65,0,16,50,13,802
1,-0.94,2.35,-7.69,0,16,50,14,870
1,-0.67,2.20,-7.73,0,16,50,15,938
1,-0.75,2.31,-7.69,0,16,50,16,9
1,-0.75,2.16,-7.77,0,16,50,17,77
1,-0.78,1.96,-7.88,0,16,50,18,146
1,-0.78,2.00,-7.61,0,16,50,19,219
1,-0.71,2.12,-7.69,0,16,50,20,288
1,-0.59,2.35,-7.85,0,16,50,21,356
1,-0.71,2.16,-7.73,0,16,50,22,428
1,-0.75,1.92,-7.69,0,16,50,23,499
1,-0.90,1.96,-7.61,0,16,50,24,568
1,-0.71,2.20,-7.65,0,16,50,25,640
1,-0.67,2.08,-7.65,0,16,50,26,711
1,-0.67,1.92,-7.37,0,16,50,27,781
1,-0.35,2.12,-8.04,0,16,50,28,854
1,-0.24,1.69,-8.24,0,16,50,29,937
1,-0.24,1.33,-8.20,0,16,50,30,16
1,-0.20,1.18,-7.96,0,16,50,31,85
1,0.00,1.33,-7.96,0,16,50,32,157
1,-0.08,1.14,-7.96,0,16,50,33,225
1,0.12,1.10,-7.96,0,16,50,34,295
1,-0.31,0.90,-7.77,0,16,50,35,365
1,-0.63,0.82,-7.57,0,16,50,36,434
1,-0.59,0.39,-7.61,0,16,50,37,504
1,-0.67,0.00,-8.08,0,16,50,38,572
1,-0.59,0.00,-7.65,0,16,50,39,643
1,-0.75,0.47,-7.49,0,16,50,40,712
1,-0.59,0.35,-7.85,0,16,50,41,782
1,-0.39,0.24,-8.08,0,16,50,42,850
1,-0.55,0.12,-7.57,0,16,50,43,918
1,-0.35,0.39,-8.00,0,16,50,44,989
1,-0.43,0.20,-7.92,0,16,50,45,59
1,-0.47,0.31,-7.92,0,16,50,46,128
1,-0.35,0.35,-8.04,0,16,50,47,197
1,-0.51,0.39,-7.85,0,16,50,48,266
1,-0.55,0.51,-7.57,0,16,50,49,335
1,-0.55,0.47,-7.77,0,16,50,50,404
1,-0.35,0.51,-8.00,0,16,50,51,474
1,-0.51,0.55,-7.73,0,16,50,52,542
1,-0.43,0.55,-7.81,0,16,50,53,611
1,-0.27,0.51,-8.12,0,16,50,54,680
1,-0.39,0.39,-7.88,0,16,50,55,749
1,-0.35,0.47,-7.73,0,16,50,56,819
1,-0.43,0.55,-7.92,0,16,50,57,889
1,-0.35,0.35,-7.81,0,16,50,58,960
1,-0.47,0.51,-7.73,0,16,50,59,30
1,-0.43,0.43,-7.85,0,16,51,0,97
1,-0.43,0.47,-7.92,0,16,51,1,171
1,-0.47,0.55,-7.92,0,16,51,2,241
1,-0.39,0.55,-7.92,0,16,51,3,310
1,-0.47,0.47,-7.77,0,16,51,4,380
1,-0.43,0.43,-7.88,0,16,51,5,449
1,-0.31,0.55,-7.92,0,16,51,6,521
1,-0.51,0.59,-7.81,0,16,51,7,595
1,-0.43,0.51,-7.85,0,16,51,8,664
1,-0.27,0.51,-7.73,0,16,51,9,732
1,-0.31,0.55,-7.85,0,16,51,10,800
1,-0.51,0.43,-7.81,0,16,51,11,874
1,-0.35,0.55,-8.08,0,16,51,12,959
1,-0.47,0.55,-7.88,0,16,51,13,62
1,-0.43,0.51,-7.88,0,16,51,14,141
1,-0.43,0.35,-7.81,0,16,51,15,211
1,-0.39,0.43,-7.88,0,16,51,16,278
1,-0.39,0.51,-7.73,0,16,51,17,348
1,-0.47,0.47,-8.04,0,16,51,18,431
1,-0.24,0.75,-7.88,0,16,51,19,501
1,-0.39,0.47,-7.88,0,16,51,20,570
1,-0.24,0.51,-7.96,0,16,51,21,637
1,-0.43,0.35,-7.88,0,16,51,22,706
1,-0.39,0.59,-7.92,0,16,51,23,782
1,-0.39,0.35,-7.81,0,16,51,24,851
1,-0.35,0.47,-7.92,0,16,51,25,921
1,-0.39,0.31,-7.73,0,16,51,26,991
1,-0.39,0.31,-7.73,0,16,51,27,59
1,-0.24,0.43,-8.08,0,16,51,28,127
1,-0.35,0.16,-8.00,0,16,51,29,198
1,-0.75,0.86,-7.57,0,16,51,30,268
1,-0.27,0.55,-7.81,0,16,51,31,340
1,-0.39,0.31,-7.65,0,16,51,32,410
1,-0.63,0.24,-7.85,0,16,51,33,480
1,-0.39,0.31,-7.92,0,16,51,34,550
1,-0.39,0.31,-7.65,0,16,51,35,618
1,-0.47,0.39,-7.69,0,16,51,36,702
1,-0.47,0.35,-7.81,0,16,51,37,769
1,-0.43,0.43,-7.85,0,16,51,38,838
1,-0.55,0.31,-7.73,0,16,51,39,907
1,-0.47,0.47,-7.85,0,16,51,40,975
1,-0.35,0.39,-7.92,0,16,51,41,46
1,-0.47,0.43,-7.85,0,16,51,42,115
1,-0.51,0.24,-7.96,0,16,51,43,184
1,-0.47,0.31,-7.81,0,16,51,44,253
1,-0.51,0.24,-7.77,0,16,51,45,323
1,-0.39,0.39,-7.88,0,16,51,46,391
1,-0.43,0.24,-7.81,0,16,51,47,465
1,-0.35,0.35,-7.96,0,16,51,48,534
1,-0.39,0.43,-7.73,0,16,51,49,607
1,-0.39,0.47,-8.00,0,16,51,50,675
1,-0.31,0.43,-7.81,0,16,51,51,746
1,-0.31,0.39,-7.77,0,16,51,52,815
1,-0.24,0.31,-7.88,0,16,51,53,898
1,-0.24,0.51,-7.88,0,16,51,54,967
1,-0.24,0.39,-8.04,0,16,51,55,47
1,-0.31,0.39,-7.77,0,16,51,56,115
1,-0.43,0.35,-7.73,0,16,51,57,185
1,-0.20,0.51,-7.92,0,16,51,58,256
1,-0.35,0.35,-7.73,0,16,51,59,328
1,-0.27,0.39,-7.85,0,16,52,0,397
1,-0.35,0.35,-7.85,0,16,52,1,467
1,-0.20,0.39,-7.88,0,16,52,2,536
1,-0.24,0.24,-7.85,0,16,52,3,604
1,-0.16,0.47,-7.88,0,16,52,4,672
1,-0.12,0.08,-7.61,0,16,52,5,740
1,-0.16,0.71,-7.61,0,16,52,6,810
1,-0.20,0.47,-7.73,0,16,52,7,901
1,-0.27,0.51,-7.73,0,16,52,8,970
1,-0.08,0.39,-7.81,0,16,52,9,47
1,-0.27,0.55,-8.00,0,16,52,10,114
1,-0.12,0.67,-8.04,0,16,52,11,182
1,-0.12,0.59,-7.77,0,16,52,12,253
1,-0.12,0.43,-7.77,0,16,52,13,321
1,-0.16,0.59,-7.85,0,16,52,14,391
1,0.00,0.71,-8.00,0,16,52,15,462
1,-0.24,0.63,-7.92,0,16,52,16,534
1,-0.27,0.55,-7.81,0,16,52,17,602
1,-0.67,0.16,-7.14,0,16,52,18,670
1,-0.43,0.59,-8.12,0,16,52,19,739
1,-0.24,0.20,-8.32,0,16,52,20,807
1,-0.08,0.47,-8.04,0,16,52,21,876
1,-0.27,0.35,-7.65,0,16,52,22,948
1,-0.16,0.43,-7.65,0,16,52,23,16
1,-0.43,0.47,-7.73,0,16,52,24,86
1,-0.24,0.63,-8.00,0,16,52,25,155
1,-0.31,0.67,-8.00,0,16,52,26,227
1,-0.35,0.63,-8.00,0,16,52,27,297
1,-0.39,0.47,-7.65,0,16,52,28,367
1,-0.47,0.20,-7.88,0,16,52,29,434
1,-0.27,0.35,-8.12,0,16,52,30,503
1,-0.31,0.63,-7.77,0,16,52,31,571
1,-0.08,0.67,-7.65,0,16,52,32,639
1,-0.55,0.24,-7.77,0,16,52,33,708
1,-0.39,0.47,-8.12,0,16,52,34,776
1,-0.27,0.35,-7.92,0,16,52,35,845
1,-0.51,0.39,-7.61,0,16,52,36,913
1,-0.63,0.59,-7.57,0,16,52,37,981
1,-0.43,0.51,-7.73,0,16,52,38,69
1,-0.35,0.47,-8.00,0,16,52,39,139
1,-0.47,0.47,-7.85,0,16,52,40,209
1,-0.27,0.31,-7.65,0,16,52,41,323
1,-0.47,0.55,-8.00,0,16,52,42,391
1,-0.31,0.63,-8.24,0,16,52,43,461
1,-0.39,0.35,-7.69,0,16,52,44,530
1,-0.35,0.35,-7.65,0,16,52,45,599
1,-0.47,0.63,-8.00,0,16,52,46,670
1,-0.39,0.78,-7.73,0,16,52,47,739
1,-0.35,0.82,-7.92,0,16,52,48,808
1,-0.27,0.47,-7.92,0,16,52,49,901
1,-0.31,0.78,-7.85,0,16,52,50,974
1,-0.43,0.86,-7.85,0,16,52,51,46
1,-0.47,0.63,-8.04,0,16,52,52,119
1,-0.39,0.51,-7.69,0,16,52,53,187
1,-0.43,0.47,-7.96,0,16,52,54,256
1,-0.35,0.43,-8.04,0,16,52,55,325
1,-0.27,0.51,-8.00,0,16,52,56,395
1,-0.47,0.47,-7.88,0,16,52,57,465
1,-0.39,0.67,-7.96,0,16,52,58,534
1,-0.35,0.59,-7.85,0,16,52,59,605
1,-0.39,0.59,-7.73,0,16,53,0,675
1,-0.43,0.43,-7.88,0,16,53,1,746
1,-0.39,0.78,-7.96,0,16,53,2,817
1,-0.27,0.78,-7.81,0,16,53,3,887
1,-0.43,0.43,-7.81,0,16,53,4,956
1,-0.75,0.67,-7.65,0,16,53,5,52
1,-0.63,0.47,-8.12,0,16,53,6,122
1,-0.51,0.63,-7.96,0,16,53,7,192
1,-0.43,0.71,-7.88,0,16,53,8,260
1,-0.63,0.51,-8.36,0,16,53,9,330
1,-0.51,0.78,-8.24,0,16,53,10,398
1,-0.27,0.86,-7.73,0,16,53,11,468
1,-0.51,0.78,-7.92,0,16,53,12,563
1,-0.43,0.78,-7.96,0,16,53,13,636
1,-0.47,0.75,-7.77,0,16,53,14,705
1,-0.43,0.75,-7.85,0,16,53,15,774
1,-0.47,0.78,-7.88,0,16,53,16,842
1,-0.39,0.63,-7.88,0,16,53,17,921
1,-0.51,0.51,-7.85,0,16,53,18,990
1,-0.47,0.71,-7.85,0,16,53,19,59
1,-0.39,0.82,-8.16,0,16,53,20,128
1,-0.39,0.71,-7.81,0,16,53,21,195
1,-0.35,0.86,-7.85,0,16,53,22,264
1,-0.47,0.90,-7.81,0,16,53,23,334
1,-0.55,0.31,-7.77,0,16,53,24,415
1,-0.35,0.71,-7.77,0,16,53,25,485
1,-0.39,0.71,-7.85,0,16,53,26,553
1,-0.35,0.75,-7.85,0,16,53,27,623
1,-0.67,0.67,-7.61,0,16,53,28,693
1,-0.51,0.71,-8.12,0,16,53,29,762
1,-0.43,0.75,-8.00,0,16,53,30,832
1,-0.63,0.78,-7.73,0,16,53,31,906
1,-0.55,0.71,-7.81,0,16,53,32,976
1,-0.47,0.86,-7.85,0,16,53,33,44
1,-0.63,0.71,-7.65,0,16,53,34,112
1,-0.51,0.86,-7.81,0,16,53,35,180
1,-0.63,0.59,-7.77,0,16,53,36,249
1,-0.71,0.63,-7.88,0,16,53,37,317
1,-0.67,0.67,-7.88,0,16,53,38,385
1,-0.39,0.75,-8.08,0,16,53,39,455
1,-0.59,0.78,-7.69,0,16,53,40,523
1,-0.63,0.63,-7.73,0,16,53,41,594
1,-0.59,0.86,-7.96,0,16,53,42,665
1,-0.63,0.63,-7.88,0,16,53,43,734
1,-0.47,0.75,-7.96,0,16,53,44,807
1,-0.63,0.71,-7.65,0,16,53,45,876
1,-0.47,0.55,-7.92,0,16,53,46,944
1,-0.51,0.71,-7.77,0,16,53,47,17
1,-0.59,0.75,-7.88,0,16,53,48,86
1,-0.51,0.71,-7.77,0,16,53,49,155
1,-0.55,0.75,-8.04,0,16,53,50,224
1,-0.55,0.82,-7.69,0,16,53,51,301
1,-0.59,0.63,-7.81,0,16,53,52,370
1,-0.47,0.82,-7.85,0,16,53,53,441
1,-0.51,0.75,-7.81,0,16,53,54,510
1,-0.51,0.71,-8.08,0,16,53,55,578
1,-0.51,0.63,-7.88,0,16,53,56,646
1,-0.55,0.75,-7.77,0,16,53,57,717
1,-0.55,0.75,-7.85,0,16,53,58,786
1,-0.59,0.71,-7.77,0,16,53,59,856
1,-0.67,0.86,-7.69,0,16,54,0,925
1,-0.63,0.71,-8.12,0,16,54,1,994
1,-0.47,0.82,-7.81,0,16,54,2,63
1,-0.71,0.67,-7.57,0,16,54,3,132
1,-0.39,0.71,-8.16,0,16,54,4,203
1,-0.63,0.78,-7.61,0,16,54,5,270
1,-0.71,0.67,-7.85,0,16,54,6,341
1,-0.55,0.75,-7.88,0,16,54,7,412
1,-0.63,0.75,-7.69,0,16,54,8,481
1,-0.55,0.75,-7.88,0,16,54,9,551
1,-0.59,0.71,-7.96,0,16,54,10,622
1,-0.63,0.75,-7.65,0,16,54,11,693
1,-0.59,0.67,-8.08,0,16,54,12,784
1,-0.71,0.86,-7.77,0,16,54,13,856
1,-0.67,0.63,-7.85,0,16,54,14,931
1,-0.51,0.82,-8.08,0,16,54,15,1
1,-0.67,0.86,-7.53,0,16,54,16,70
1,-0.63,0.71,-7.92,0,16,54,17,142
1,-0.63,0.90,-7.81,0,16,54,18,216
1,-0.75,0.78,-7.53,0,16,54,19,291
1,-0.55,1.02,-8.08,0,16,54,20,359
1,-0.82,0.86,-7.61,0,16,54,21,428
1,-0.67,0.82,-7.85,0,16,54,22,500
1,-0.59,0.78,-7.85,0,16,54,23,571
1,-0.63,0.71,-7.81,0,16,54,24,639
1,-0.67,0.75,-7.77,0,16,54,25,709
1,-0.71,0.67,-7.88,0,16,54,26,778
1,-0.67,0.63,-7.69,0,16,54,27,851
1,-0.63,0.78,-7.69,0,16,54,28,920
1,-0.63,0.67,-7.88,0,16,54,29,990
1,-0.59,0.71,-8.00,0,16,54,30,62
1,-0.59,0.67,-7.88,0,16,54,31,130
1,-0.55,0.86,-7.77,0,16,54,32,200
1,-0.47,0.67,-7.88,0,16,54,33,268
1,-0.55,0.75,-7.73,0,16,54,34,337
1,-0.59,0.67,-7.96,0,16,54,35,406
1,-0.43,0.90,-7.92,0,16,54,36,475
1,-0.67,0.67,-7.96,0,16,54,37,545
1,-0.51,0.51,-7.92,0,16,54,38,615
1,-0.63,0.63,-7.77,0,16,54,39,682
1,-0.59,0.71,-7.96,0,16,54,40,752
1,-0.59,0.71,-7.85,0,16,54,41,820
1,-0.59,0.67,-7.61,0,16,54,42,888
1,-0.55,0.67,-8.04,0,16,54,43,957
1,-0.75,0.86,-7.85,0,16,54,44,27
1,-0.67,0.63,-7.85,0,16,54,45,96
1,-0.55,0.82,-7.81,0,16,54,46,166
1,-0.55,0.78,-7.81,0,16,54,47,235
1,-0.47,0.67,-7.88,0,16,54,48,317
1,-0.71,0.67,-7.61,0,16,54,49,388
1,-0.59,0.75,-7.96,0,16,54,50,456
1,-0.59,0.75,-7.88,0,16,54,51,527
1,-0.59,0.71,-7.96,0,16,54,52,595
1,-0.51,0.75,-7.73,0,16,54,53,664
1,-0.71,0.47,-7.81,0,16,54,54,734
1,-0.63,0.78,-7.96,0,16,54,55,803
1,-0.71,0.67,-8.00,0,16,54,56,870
1,-0.47,0.86,-7.65,0,16,54,57,939
1,-0.59,0.59,-7.92,0,16,54,58,9
1,-0.67,0.75,-7.88,0,16,54,59,79
1,-0.63,0.59,-8.00,0,16,55,0,149
1,-0.67,0.63,-7.73,0,16,55,1,221
1,-0.78,0.75,-7.81,0,16,55,2,289
1,-0.71,0.71,-7.96,0,16,55,3,358
1,-0.71,0.75,-7.61,0,16,55,4,427
1,-0.75,0.67,-7.81,0,16,55,5,496
1,-0.51,0.78,-7.81,0,16,55,6,565
1,-0.59,0.59,-7.77,0,16,55,7,634
1,-0.59,0.71,-7.92,0,16,55,8,702
1,-0.67,0.86,-7.77,0,16,55,9,772
1,-0.67,0.63,-7.96,0,16,55,10,843
1,-0.75,0.78,-7.81,0,16,55,11,911
1,-0.75,0.63,-7.81,0,16,55,12,979
1,-0.82,0.86,-8.04,0,16,55,13,63
1,-0.63,0.71,-7.57,0,16,55,14,131
1,-0.78,0.75,-7.81,0,16,55,15,200
1,-0.67,0.86,-7.88,0,16,55,16,268
1,-0.63,0.71,-7.85,0,16,55,17,335
1,-0.55,0.86,-7.77,0,16,55,18,404
1,-0.63,0.63,-7.96,0,16,55,19,473
1,-0.67,0.78,-7.88,0,16,55,20,550
1,-0.59,0.63,-7.77,0,16,55,21,621
1,-0.55,0.71,-7.96,0,16,55,22,689
1,-0.67,0.75,-7.85,0,16,55,23,758
1,-0.59,0.71,-7.88,0,16,55,24,826
1,-0.67,0.51,-7.69,0,16,55,25,895
1,-0.51,0.75,-7.81,0,16,55,26,970
1,-0.63,0.59,-8.00,0,16,55,27,46
1,-0.59,0.71,-7.73,0,16,55,28,115
1,-0.51,0.67,-7.69,0,16,55,29,185
1,-0.63,0.71,-8.00,0,16,55,30,255
1,-0.67,0.67,-7.69,0,16,55,31,326
1,-0.63,0.63,-8.08,0,16,55,32,393
1,-0.67,0.55,-7.57,0,16,55,33,462
1,-0.67,0.75,-7.96,0,16,55,34,532
1,-0.59,0.75,-7.88,0,16,55,35,601
1,-0.75,0.67,-7.81,0,16,55,36,670
1,-0.63,0.59,-7.85,0,16,55,37,739
1,-0.71,0.71,-7.77,0,16,55,38,809
1,-0.59,0.82,-7.81,0,16,55,39,877
1,-0.59,0.75,-7.92,0,16,55,40,946
1,-0.63,0.63,-7.73,0,16,55,41,19
1,-0.63,0.71,-7.88,0,16,55,42,87
1,-0.55,0.78,-7.88,0,16,55,43,155
1,-0.59,0.71,-7.81,0,16,55,44,224
1,-0.51,0.71,-7.85,0,16,55,45,294
1,-0.67,0.82,-7.77,0,16,55,46,370
1,-0.67,0.59,-7.73,0,16,55,47,439
1,-0.63,0.78,-7.81,0,16,55,48,510
1,-0.55,0.82,-7.65,0,16,55,49,579
1,-0.55,0.67,-7.96,0,16,55,50,658
1,-0.63,0.82,-7.73,0,16,55,51,726
1,-0.71,0.78,-7.88,0,16,55,52,802
1,-0.67,0.82,-7.81,0,16,55,53,871
1,-0.82,0.67,-7.92,0,16,55,54,939
1,-0.67,0.90,-7.85,0,16,55,55,8
1,-0.71,0.51,-7.73,0,16,55,56,76
1,-0.82,0.55,-7.49,0,16,55,57,144
1,-0.75,0.55,-7.92,0,16,55,58,217
1,-0.59,0.90,-7.85,0,16,55,59,287
1,-0.71,0.63,-7.77,0,16,56,0,356
1,-0.67,0.71,-7.88,0,16,56,1,424
1,-0.75,0.51,-7.81,0,16,56,2,492
1,-0.63,0.71,-7.85,0,16,56,3,562
1,-0.78,0.59,-7.85,0,16,56,4,631
1,-0.67,0.63,-7.77,0,16,56,5,704
1,-0.63,0.63,-7.88,0,16,56,6,773
1,-0.63,0.75,-8.04,0,16,56,7,845
1,-0.78,0.55,-7.85,0,16,56,8,912
1,-0.71,0.82,-7.81,0,16,56,9,982
1,-0.82,0.59,-7.81,0,16,56,10,51
1,-0.59,0.67,-8.04,0,16,56,11,122
1,-0.67,0.63,-7.96,0,16,56,12,190
1,-0.55,0.78,-7.92,0,16,56,13,264
1,-0.71,0.59,-7.77,0,16,56,14,332
1,-0.63,0.59,-7.77,0,16,56,15,401
1,-0.75,0.67,-7.81,0,16,56,16,472
1,-0.47,0.75,-7.85,0,16,56,17,543
1,-0.67,0.71,-7.88,0,16,56,18,612
1,-0.67,0.67,-7.96,0,16,56,19,680
1,-0.59,0.59,-7.77,0,16,56,20,749
1,-0.67,0.63,-7.85,0,16,56,21,821
1,-0.71,0.59,-8.00,0,16,56,22,889
1,-0.63,0.67,-7.96,0,16,56,23,965
1,-0.63,0.78,-7.73,0,16,56,24,33
1,-0.67,0.43,-7.81,0,16,56,25,102
1,-0.63,0.63,-8.04,0,16,56,26,174
1,-0.71,0.59,-7.92,0,16,56,27,243
1,-0.59,0.59,-8.00,0,16,56,28,311
1,-0.78,0.47,-7.41,0,16,56,29,379
1,-0.67,0.67,-7.88,0,16,56,30,449
1,-0.63,0.67,-8.16,0,16,56,31,520
1,-0.67,0.67,-7.81,0,16,56,32,589
1,-0.71,0.55,-7.77,0,16,56,33,658
1,-0.75,0.63,-7.73,0,16,56,34,727
1,-0.82,0.55,-7.73,0,16,56,35,796
1,-0.71,0.63,-7.92,0,16,56,36,865
1,-0.67,0.59,-7.81,0,16,56,37,934
1,-0.71,0.63,-8.00,0,16,56,38,5
1,-0.98,0.59,-7.61,0,16,56,39,74
1,-0.98,0.63,-7.92,0,16,56,40,143
1,-0.75,0.55,-7.88,0,16,56,41,212
1,-0.78,0.82,-7.65,0,16,56,42,287
1,-0.78,0.55,-7.73,0,16,56,43,359
1,-0.63,0.55,-8.04,0,16,56,44,431
1,-0.86,0.71,-7.92,0,16,56,45,504
1,-0.67,0.71,-8.08,0,16,56,46,575
1,-0.86,0.71,-7.85,0,16,56,47,644
1,-0.55,0.71,-8.00,0,16,56,48,715
1,-0.51,1.14,-7.96,0,16,56,49,786
1,-0.51,0.51,-8.43,0,16,56,50,857
1,-0.39,0.82,-7.96,0,16,56,51,927
1,-0.55,0.67,-7.81,0,16,56,52,996
1,-0.39,0.71,-7.81,0,16,56,53,66
1,-0.63,0.39,-7.85,0,16,56,54,135
1,-0.75,0.51,-7.57,0,16,56,55,204
1,-0.59,0.63,-7.88,0,16,56,56,276
1,-0.82,0.27,-7.81,0,16,56,57,347
1,-0.75,0.59,-8.00,0,16,56,58,417
1,-0.67,0.47,-7.73,0,16,56,59,485
1,-0.55,0.67,-7.88,0,16,57,0,555
1,-0.63,0.59,-7.92,0,16,57,1,627
1,-0.67,0.55,-7.85,0,16,57,2,697
1,-0.55,0.59,-7.88,0,16,57,3,765
1,-0.71,0.51,-7.73,0,16,57,4,834
1,-0.63,0.63,-7.85,0,16,57,5,905
1,-0.67,0.55,-7.85,0,16,57,6,974
1,-0.59,0.67,-7.81,0,16,57,7,43
1,-0.59,0.55,-7.77,0,16,57,8,116
1,-0.51,0.63,-7.88,0,16,57,9,194
1,-0.67,0.59,-7.77,0,16,57,10,262
1,-0.59,0.63,-7.85,0,16,57,11,341
1,-0.55,0.59,-7.77,0,16,57,12,438
1,-0.63,0.55,-7.92,0,16,57,13,506
1,-0.59,0.59,-7.81,0,16,57,14,575
1,-0.59,0.63,-7.85,0,16,57,15,643
1,-0.55,0.55,-7.81,0,16,57,16,714
1,-0.51,0.67,-7.81,0,16,57,17,781
1,-0.59,0.63,-7.92,0,16,57,18,853
1,-0.63,0.67,-7.88,0,16,57,19,921
1,-0.59,0.67,-7.77,0,16,57,20,995
1,-0.59,0.67,-7.92,0,16,57,21,66
1,-0.55,0.63,-7.85,0,16,57,22,135
1,-0.51,0.63,-7.77,0,16,57,23,202
1,-0.55,0.59,-7.69,0,16,57,24,273
1,-0.51,0.67,-8.12,0,16,57,25,345
1,-0.59,0.55,-7.77,0,16,57,26,418
1,-0.55,0.47,-7.81,0,16,57,27,486
1,-0.51,0.63,-7.85,0,16,57,28,554
1,-0.55,0.55,-7.73,0,16,57,29,625
1,-0.39,0.71,-8.04,0,16,57,30,695
1,-0.63,0.43,-7.77,0,16,57,31,764
1,-0.43,0.71,-7.85,0,16,57,32,833
1,-0.63,0.43,-7.81,0,16,57,33,901
1,-0.39,0.63,-7.85,0,16,57,34,970
1,-0.47,0.55,-7.96,0,16,57,35,43
1,-0.59,0.59,-7.77,0,16,57,36,111
1,-0.55,0.51,-8.00,0,16,57,37,180
1,-0.51,0.59,-7.77,0,16,57,38,247
1,-0.55,0.75,-7.73,0,16,57,39,322
1,-0.47,0.59,-7.92,0,16,57,40,392
1,-0.47,0.63,-7.92,0,16,57,41,462
1,-0.63,0.59,-7.65,0,16,57,42,533
1,-0.47,0.67,-7.88,0,16,57,43,604
1,-0.55,0.59,-7.81,0,16,57,44,672
1,-0.51,0.63,-7.88,0,16,57,45,742
1,-0.59,0.59,-7.88,0,16,57,46,810
1,-0.51,0.59,-7.85,0,16,57,47,880
1,-0.47,0.55,-7.81,0,16,57,48,949
1,-0.51,0.63,-7.92,0,16,57,49,17
1,-0.55,0.71,-7.77,0,16,57,50,86
1,-0.51,0.63,-7.96,0,16,57,51,156
1,-0.55,0.63,-7.96,0,16,57,52,226
1,-0.59,0.59,-7.77,0,16,57,53,295
1,-0.59,0.67,-7.85,0,16,57,54,364
1,-0.67,0.51,-7.85,0,16,57,55,432
1,-0.55,0.67,-7.85,0,16,57,56,502
1,-0.59,0.51,-7.96,0,16,57,57,585
1,-0.59,0.55,-7.88,0,16,57,58,654
1,-0.59,0.59,-7.85,0,16,57,59,727
1,-0.63,0.51,-7.88,0,16,58,0,796
1,-0.67,0.67,-7.88,0,16,58,1,867
1,-0.59,0.59,-7.88,0,16,58,2,936
1,-0.39,0.75,-8.04,0,16,58,3,17
1,-0.63,0.55,-7.77,0,16,58,4,87
1,-0.59,0.59,-7.77,0,16,58,5,157
1,-0.59,0.59,-7.92,0,16,58,6,226
1,-0.55,0.55,-7.85,0,16,58,7,294
1,-0.63,0.55,-7.85,0,16,58,8,366
1,-0.55,0.67,-7.92,0,16,58,9,435
1,-0.55,0.59,-7.92,0,16,58,10,504
1,-0.55,0.71,-7.77,0,16,58,11,574
1,-0.55,0.67,-7.92,0,16,58,12,644
1,-0.63,0.55,-7.96,0,16,58,13,712
1,-0.55,0.59,-7.81,0,16,58,14,782
1,-0.63,0.59,-7.85,0,16,58,15,853
1,-0.59,0.78,-7.92,0,16,58,16,923
1,-0.47,0.67,-7.88,0,16,58,17,994
1,-0.55,0.55,-7.81,0,16,58,18,62
1,-0.59,0.71,-7.88,0,16,58,19,135
1,-0.51,0.59,-7.77,0,16,58,20,208
1,-0.55,0.59,-7.88,0,16,58,21,279
1,-0.59,0.67,-7.77,0,16,58,22,351
1,-0.51,0.47,-7.88,0,16,58,23,420
1,-0.67,0.75,-8.16,0,16,58,24,489
1,-0.67,0.55,-7.85,0,16,58,25,557
1,-0.55,0.67,-7.65,0,16,58,26,628
1,-0.75,0.55,-7.73,0,16,58,27,696
1,-0.63,0.63,-7.65,0,16,58,28,772
1,-0.51,0.51,-8.00,0,16,58,29,843
1,-0.55,0.59,-7.92,0,16,58,30,922
1,-0.59,0.59,-7.81,0,16,58,31,992
1,-0.59,0.51,-7.85,0,16,58,32,65
1,-0.59,0.63,-7.77,0,16,58,33,131
1,-0.71,0.63,-7.77,0,16,58,34,202
1,-0.47,0.59,-7.88,0,16,58,35,269
1,-0.67,0.59,-7.92,0,16,58,36,339
1,-0.55,0.63,-7.85,0,16,58,37,407
1,-0.59,0.51,-7.77,0,16,58,38,480
1,-0.47,0.59,-8.00,0,16,58,39,550
1,-0.55,0.63,-7.81,0,16,58,40,620
1,-0.55,0.63,-7.81,0,16,58,41,689
1,-0.51,0.55,-7.81,0,16,58,42,758
1,-0.63,0.59,-7.96,0,16,58,43,828
1,-0.63,0.67,-7.69,0,16,58,44,897
1,-0.55,0.59,-7.85,0,16,58,45,967
1,-0.47,0.75,-7.85,0,16,58,46,35
1,-0.63,0.55,-7.73,0,16,58,47,110
1,-0.47,0.71,-7.85,0,16,58,48,182
1,-0.59,0.51,-7.85,0,16,58,49,251
1,-0.55,0.59,-7.77,0,16,58,50,320
1,-0.43,0.63,-7.96,0,16,58,51,388
1,-0.47,0.59,-8.04,0,16,58,52,458
1,-0.47,0.63,-7.77,0,16,58,53,525
1,-0.55,0.55,-7.96,0,16,58,54,594
1,-0.55,0.67,-7.65,0,16,58,55,664
1,-0.55,0.55,-7.88,0,16,58,56,735
1,-0.51,0.67,-8.00,0,16,58,57,807
1,-0.59,0.59,-7.92,0,16,58,58,884
1,-0.43,0.59,-7.85,0,16,58,59,968
1,-0.59,0.47,-7.69,0,16,59,0,37
1,-0.47,0.55,-7.85,0,16,59,1,109
1,-0.59,0.43,-7.81,0,16,59,2,178
1,-0.55,0.51,-7.73,0,16,59,3,246
1,-0.63,0.67,-7.85,0,16,59,4,315
1,-0.63,0.63,-7.88,0,16,59,5,383
1,-0.51,0.59,-7.88,0,16,59,6,451
1,-0.59,0.55,-7.81,0,16,59,7,521
1,-0.59,0.63,-7.85,0,16,59,8,592
1,-0.51,0.51,-7.92,0,16,59,9,666
1,-0.55,0.71,-7.85,0,16,59,10,736
1,-0.63,0.51,-7.81,0,16,59,11,808
1,-0.39,0.71,-7.96,0,16,59,12,880
1,-0.63,0.71,-7.88,0,16,59,13,952
1,-0.59,0.67,-7.81,0,16,59,14,20
1,-0.51,0.67,-7.88,0,16,59,15,89
1,-0.55,0.63,-7.88,0,16,59,16,158
1,-0.59,0.59,-7.85,0,16,59,17,226
1,-0.59,0.67,-7.77,0,16,59,18,295
1,-0.55,0.55,-7.88,0,16,59,19,364
1,-0.43,0.63,-7.96,0,16,59,20,435
1,-0.47,0.59,-7.85,0,16,59,21,504
1,-0.59,0.59,-7.85,0,16,59,22,585
1,-0.59,0.55,-7.85,0,16,59,23,654
1,-0.51,0.67,-7.88,0,16,59,24,723
1,-0.63,0.55,-7.81,0,16,59,25,793
1,-0.55,0.63,-7.92,0,16,59,26,865
1,-0.55,0.63,-7.88,0,16,59,27,934
1,-0.67,0.63,-7.77,0,16,59,28,5
1,-0.51,0.63,-7.88,0,16,59,29,76
1,-0.51,0.59,-8.04,0,16,59,30,144
1,-0.31,0.90,-7.88,0,16,59,31,215
1,-0.51,0.63,-7.92,0,16,59,32,286
1,-0.39,0.71,-7.85,0,16,59,33,356
1,-0.59,0.55,-7.81,0,16,59,34,428
1,-0.63,0.75,-7.85,0,16,59,35,511
1,-0.55,0.63,-7.88,0,16,59,36,584
1,-0.59,0.55,-7.92,0,16,59,37,653
1,-0.67,0.55,-7.92,0,16,59,38,723
1,-0.59,0.59,-7.65,0,16,59,39,792
1,-0.55,0.63,-8.04,0,16,59,40,861
1,-0.59,0.55,-7.77,0,16,59,41,928
1,-0.59,0.71,-7.81,0,16,59,42,998
1,-0.51,0.55,-7.96,0,16,59,43,74
1,-0.59,0.63,-7.92,0,16,59,44,141
1,-0.59,0.75,-7.88,0,16,59,45,209
1,-0.43,0.63,-7.61,0,16,59,46,296
1,-0.43,0.67,-7.92,0,16,59,47,364
1,-0.63,0.75,-7.73,0,16,59,48,434
1,-0.47,0.63,-7.88,0,16,59,49,502
1,-0.47,0.78,-7.85,0,16,59,50,572
1,-0.59,0.71,-7.77,0,16,59,51,645
1,-0.47,0.55,-8.04,0,16,59,52,714
1,-0.51,0.75,-8.00,0,16,59,53,784
1,-0.59,0.59,-7.69,0,16,59,54,852
1,-0.39,0.71,-8.04,0,16,59,55,921
1,-0.47,0.63,-7.85,0,16,59,56,989
1,-0.47,0.67,-7.88,0,16,59,57,62
1,-0.47,0.59,-7.77,0,16,59,58,132
1,-0.47,0.67,-7.85,0,16,59,59,201
1,-0.47,0.67,-7.88,0,17,0,0,270
1,-0.47,0.59,-7.73,0,17,0,1,339
1,-0.43,0.63,-7.92,0,17,0,2,406
1,-0.47,0.71,-7.85,0,17,0,3,474
1,-0.47,0.63,-7.81,0,17,0,4,551
1,-0.24,0.78,-8.16,0,17,0,5,623
1,-0.51,0.67,-7.65,0,17,0,6,691
1,-0.43,0.71,-7.69,0,17,0,7,760
1,-0.51,0.63,-7.92,0,17,0,8,829
1,-0.39,0.71,-7.92,0,17,0,9,898
1,-0.51,0.71,-7.73,0,17,0,10,968
1,-0.47,0.71,-8.00,0,17,0,11,36
1,-0.43,0.71,-7.85,0,17,0,12,105
1,-0.43,0.71,-7.92,0,17,0,13,174
1,-0.47,0.59,-7.85,0,17,0,14,249
1,-0.51,0.59,-7.81,0,17,0,15,317
1,-0.51,0.59,-7.77,0,17,0,16,386
1,-0.55,0.71,-7.85,0,17,0,17,454
1,-0.51,0.71,-7.88,0,17,0,18,524
1,-0.55,0.67,-7.77,0,17,0,19,592
1,-0.59,0.67,-7.88,0,17,0,20,661
1,-0.51,0.55,-7.85,0,17,0,21,728
1,-0.43,0.75,-7.85,0,17,0,22,798
1,-0.55,0.55,-7.85,0,17,0,23,865
1,-0.47,0.67,-7.92,0,17,0,24,934
1,-0.55,0.67,-7.73,0,17,0,25,5
1,-0.39,0.75,-7.88,0,17,0,26,81
1,-0.59,0.55,-7.73,0,17,0,27,152
1,-0.47,0.59,-7.77,0,17,0,28,220
1,-0.47,0.67,-7.77,0,17,0,29,289
1,-0.51,0.59,-7.81,0,17,0,30,358
1,-0.47,0.71,-7.88,0,17,0,31,428
1,-0.51,0.63,-7.81,0,17,0,32,500
1,-0.51,0.63,-7.77,0,17,0,33,569
1,-0.31,0.67,-7.88,0,17,0,34,637
1,-0.43,0.59,-7.81,0,17,0,35,707
1,-0.47,0.75,-7.85,0,17,0,36,775
1,-0.47,0.71,-7.92,0,17,0,37,844
1,-0.24,0.75,-7.96,0,17,0,38,912
1,-0.51,0.51,-7.69,0,17,0,39,983
1,-0.35,0.86,-7.88,0,17,0,40,53
1,-0.43,0.67,-7.85,0,17,0,41,121
1,-0.39,0.63,-7.73,0,17,0,42,189
1,-0.35,0.63,-7.96,0,17,0,43,260
1,-0.39,0.71,-7.96,0,17,0,44,329
1,-0.47,0.59,-7.77,0,17,0,45,401
1,-0.47,0.67,-7.85,0,17,0,46,471
1,-0.39,0.67,-7.88,0,17,0,47,540
1,-0.43,0.59,-7.81,0,17,0,48,609
1,-0.47,0.63,-7.81,0,17,0,49,681
1,-0.31,0.78,-8.00,0,17,0,50,750
1,-0.55,0.59,-7.69,0,17,0,51,818
1,-0.39,0.67,-7.88,0,17,0,52,893
1,-0.43,0.59,-7.92,0,17,0,53,962
1,-0.39,0.75,-7.81,0,17,0,54,32
1,-0.47,0.55,-7.85,0,17,0,55,101
1,-0.39,0.71,-7.85,0,17,0,56,169
1,-0.43,0.63,-7.96,0,17,0,57,238
1,-0.39,0.75,-7.85,0,17,0,58,308
1,-0.39,0.59,-7.92,0,17,0,59,377
1,-0.39,0.71,-7.77,0,17,1,0,445
1,-0.47,0.59,-7.85,0,17,1,1,517
1,-0.39,0.75,-7.88,0,17,1,2,585
1,-0.43,0.59,-7.77,0,17,1,3,655
1,-0.47,0.67,-8.00,0,17,1,4,724
1,-0.47,0.67,-7.81,0,17,1,5,793
1,-0.47,0.55,-7.69,0,17,1,6,875
1,-0.35,0.59,-7.85,0,17,1,7,943
1,-0.35,0.63,-8.16,0,17,1,8,11
1,-0.47,0.59,-7.69,0,17,1,9,80
1,-0.35,0.51,-7.85,0,17,1,10,149
1,-0.35,0.59,-7.73,0,17,1,11,217
1,-0.35,0.71,-7.92,0,17,1,12,287
1,-0.47,0.63,-7.77,0,17,1,13,355
1,-0.39,0.67,-7.88,0,17,1,14,424
1,-0.31,0.78,-7.96,0,17,1,15,498
1,-0.39,0.67,-7.73,0,17,1,16,566
1,-0.39,0.59,-7.92,0,17,1,17,635
1,-0.35,0.71,-7.92,0,17,1,18,702
1,-0.35,0.67,-7.92,0,17,1,19,772
1,-0.31,0.67,-7.88,0,17,1,20,840
1,-0.35,0.67,-7.96,0,17,1,21,909
1,-0.35,0.82,-7.81,0,17,1,22,979
1,-0.31,0.67,-7.96,0,17,1,23,49
1,-0.31,0.71,-7.85,0,17,1,24,119
1,-0.31,0.67,-7.96,0,17,1,25,187
1,-0.35,0.67,-7.81,0,17,1,26,259
1,-0.31,0.67,-7.92,0,17,1,27,327
1,-0.39,0.67,-7.88,0,17,1,28,396
1,-0.31,0.59,-7.92,0,17,1,29,464
1,-0.35,0.63,-8.04,0,17,1,30,533
1,-0.39,0.71,-7.81,0,17,1,31,602
1,-0.43,0.55,-7.88,0,17,1,32,671
1,-0.24,0.78,-8.00,0,17,1,33,741
1,-0.43,0.59,-7.77,0,17,1,34,809
1,-0.27,0.75,-7.85,0,17,1,35,881
1,-0.35,0.63,-7.81,0,17,1,36,949
1,-0.39,0.75,-7.88,0,17,1,37,19
1,-0.31,0.78,-7.92,0,17,1,38,88
1,-0.39,0.71,-7.85,0,17,1,39,156
1,-0.43,0.67,-7.81,0,17,1,40,226
1,-0.39,0.63,-7.88,0,17,1,41,295
1,-0.35,0.71,-7.85,0,17,1,42,365
1,-0.35,0.63,-7.85,0,17,1,43,433
1,-0.31,0.63,-7.81,0,17,1,44,502
1,-0.39,0.59,-7.85,0,17,1,45,571
1,-0.31,0.75,-7.96,0,17,1,46,639
1,-0.67,0.51,-7.81,0,17,1,47,710
1,-0.27,0.63,-8.04,0,17,1,48,778
1,-0.43,0.51,-7.77,0,17,1,49,847
1,-0.39,0.59,-7.88,0,17,1,50,917
1,-0.39,0.63,-7.88,0,17,1,51,986
1,-0.35,0.59,-7.73,0,17,1,52,56
1,-0.35,0.63,-7.85,0,17,1,53,126
1,-0.31,0.59,-7.96,0,17,1,54,197
1,-0.31,0.59,-7.88,0,17,1,55,266
1,-0.31,0.63,-7.96,0,17,1,56,336
1,-0.31,0.59,-7.81,0,17,1,57,406
1,-0.27,0.51,-7.88,0,17,1,58,476
1,-0.31,0.63,-7.81,0,17,1,59,556
1,-0.35,0.71,-7.85,0,17,2,0,626
1,-0.35,0.59,-7.81,0,17,2,1,699
1,-0.31,0.67,-7.88,0,17,2,2,768
1,-0.39,0.63,-7.85,0,17,2,3,837
1,-0.31,0.75,-7.92,0,17,2,4,907
1,-0.47,0.47,-7.69,0,17,2,5,984
1,-0.31,0.75,-7.85,0,17,2,6,53
1,-0.35,0.67,-7.73,0,17,2,7,123
1,-0.35,0.67,-7.73,0,17,2,8,191
1,-0.35,0.71,-8.04,0,17,2,9,260
1,-0.35,0.75,-7.81,0,17,2,10,333
1,-0.35,0.78,-7.92,0,17,2,11,402
1,-0.31,0.71,-7.92,0,17,2,12,475
1,-0.27,0.67,-7.81,0,17,2,13,544
1,-0.31,0.78,-7.81,0,17,2,14,614
1,-0.43,0.63,-7.85,0,17,2,15,684
1,-0.16,0.78,-7.88,0,17,2,16,753
1,-0.35,0.55,-7.77,0,17,2,17,825
1,-0.20,0.86,-8.04,0,17,2,18,894
1,-0.35,0.71,-7.77,0,17,2,19,961
1,-0.24,0.71,-7.92,0,17,2,20,35
1,-0.43,0.67,-7.92,0,17,2,21,104
1,-0.31,0.71,-7.92,0,17,2,22,174
1,-0.27,0.59,-7.85,0,17,2,23,242
1,-0.31,0.59,-7.73,0,17,2,24,311
1,-0.39,0.51,-7.96,0,17,2,25,381
1,-0.31,0.63,-7.85,0,17,2,26,448
1,-0.39,0.71,-7.92,0,17,2,27,517
1,-0.35,0.63,-7.88,0,17,2,28,596
1,-0.24,0.67,-8.04,0,17,2,29,672
1,-0.35,0.63,-7.85,0,17,2,30,742
1,-0.31,0.71,-7.77,0,17,2,31,812
1,-0.39,0.71,-7.77,0,17,2,32,880
1,-0.43,0.67,-7.81,0,17,2,33,951
1,-0.35,0.75,-7.88,0,17,2,34,20
1,-0.35,0.78,-8.08,0,17,2,35,88
1,-0.51,0.75,-7.73,0,17,2,36,157
1,-0.35,0.59,-8.00,0,17,2,37,227
1,-0.35,0.67,-7.85,0,17,2,38,296
1,-0.43,0.55,-7.81,0,17,2,39,368
1,-0.43,0.47,-7.69,0,17,2,40,438
1,-0.27,0.63,-8.00,0,17,2,41,507
1,-0.51,0.75,-7.81,0,17,2,42,577
1,-0.39,0.67,-7.96,0,17,2,43,645
1,-0.39,0.63,-7.73,0,17,2,44,714
1,-0.47,0.51,-7.88,0,17,2,45,783
1,-0.43,0.59,-7.85,0,17,2,46,854
1,-0.51,0.71,-7.96,0,17,2,47,923
1,-0.31,0.82,-7.81,0,17,2,48,993
1,-0.51,0.75,-7.73,0,17,2,49,66
1,-0.47,0.75,-7.73,0,17,2,50,134
1,-0.35,0.78,-8.00,0,17,2,51,202
1,-0.43,0.71,-7.88,0,17,2,52,271
1,-0.55,0.75,-7.77,0,17,2,53,340
1,-0.55,0.86,-7.81,0,17,2,54,412
1,-0.43,0.78,-8.04,0,17,2,55,483
1,-0.43,0.71,-7.73,0,17,2,56,551
1,-0.51,0.59,-7.69,0,17,2,57,622
1,-0.39,0.71,-7.96,0,17,2,58,692
1,-0.39,0.82,-8.00,0,17,2,59,772
1,-0.39,0.71,-7.85,0,17,3,0,847
1,-0.55,0.75,-7.85,0,17,3,1,916
1,-0.55,0.78,-7.88,0,17,3,2,985
1,-0.47,0.75,-7.96,0,17,3,3,54
1,-0.47,0.71,-7.77,0,17,3,4,123
1,-0.51,0.71,-7.88,0,17,3,5,196
1,-0.51,0.67,-7.85,0,17,3,6,267
1,-0.55,0.59,-7.77,0,17,3,7,336
1,-0.39,0.78,-7.96,0,17,3,8,405
1,-0.59,0.71,-7.81,0,17,3,9,476
1,-0.47,0.78,-7.92,0,17,3,10,545
1,-0.51,0.67,-7.77,0,17,3,11,614
1,-0.51,0.75,-7.92,0,17,3,12,681
1,-0.59,0.67,-7.73,0,17,3,13,749
1,-0.51,0.75,-7.88,0,17,3,14,822
1,-0.55,0.59,-7.77,0,17,3,15,890
1,-0.55,0.75,-7.73,0,17,3,16,960
1,-0.55,0.59,-7.92,0,17,3,17,31
1,-0.51,0.67,-7.85,0,17,3,18,100
1,-0.59,0.63,-7.77,0,17,3,19,169
1,-0.39,0.67,-7.88,0,17,3,20,237
1,-0.59,0.47,-7.88,0,17,3,21,306
1,-0.43,0.67,-7.81,0,17,3,22,375
1,-0.55,0.63,-7.77,0,17,3,23,444
1,-0.59,0.63,-7.77,0,17,3,24,514
1,-0.59,0.67,-7.88,0,17,3,25,582
1,-0.63,0.86,-7.73,0,17,3,26,650
1,-0.59,0.67,-7.77,0,17,3,27,720
1,-0.59,0.59,-7.77,0,17,3,28,789
1,-0.51,0.63,-7.92,0,17,3,29,858
1,-0.39,0.71,-7.85,0,17,3,30,927
1,-0.24,1.10,-7.69,0,17,3,31,995
1,-0.43,0.71,-7.77,0,17,3,32,66
1,-0.35,0.47,-7.92,0,17,3,33,134
1,-0.43,0.71,-8.00,0,17,3,34,204
1,-0.12,0.78,-8.16,0,17,3,35,272
1,-0.20,0.63,-7.69,0,17,3,36,341
1,-0.31,0.63,-7.69,0,17,3,37,409
1,-0.47,0.63,-7.77,0,17,3,38,478
1,-0.24,0.59,-8.04,0,17,3,39,546
1,-0.47,0.39,-7.69,0,17,3,40,615
1,-0.63,0.55,-8.00,0,17,3,41,683
1,-0.39,0.47,-8.04,0,17,3,42,752
1,-0.31,0.51,-7.85,0,17,3,43,821
1,-0.51,0.43,-7.77,0,17,3,44,890
1,-0.63,0.47,-7.85,0,17,3,45,959
1,-0.59,0.51,-7.92,0,17,3,46,27
1,-0.67,0.75,-7.77,0,17,3,47,102
1,-0.67,0.63,-7.77,0,17,3,48,174
1,-0.71,0.47,-7.65,0,17,3,49,243
1,-0.63,0.51,-7.96,0,17,3,50,313
1,-0.78,0.59,-7.77,0,17,3,51,381
1,-0.67,0.71,-8.04,0,17,3,52,449
1,-0.78,0.51,-7.77,0,17,3,53,519
1,-0.82,0.51,-7.85,0,17,3,54,591
1,-0.75,0.51,-7.88,0,17,3,55,666
1,-0.78,0.59,-7.77,0,17,3,56,740
1,-0.78,0.59,-7.77,0,17,3,57,812
1,-0.82,0.51,-7.85,0,17,3,58,883
1,-0.78,0.55,-8.04,0,17,3,59,951
1,-0.63,0.59,-8.04,0,17,4,0,20
1,-0.55,0.51,-7.77,0,17,4,1,88
1,-0.75,0.51,-7.81,0,17,4,2,160
1,-0.75,0.59,-7.81,0,17,4,3,231
1,-0.71,0.59,-7.92,0,17,4,4,301
1,-0.63,0.59,-7.77,0,17,4,5,371
1,-0.71,0.63,-7.81,0,17,4,6,450
1,-0.78,0.47,-7.85,0,17,4,7,520
1,-0.78,0.59,-7.77,0,17,4,8,594
1,-0.71,0.55,-7.85,0,17,4,9,673
1,-0.67,0.55,-7.88,0,17,4,10,744
1,-0.86,0.51,-7.77,0,17,4,11,814
1,-0.63,0.51,-7.92,0,17,4,12,883
1,-0.63,0.47,-7.77,0,17,4,13,953
1,-0.71,0.55,-7.85,0,17,4,14,25
1,-0.82,0.55,-7.92,0,17,4,15,93
1,-0.78,0.55,-7.77,0,17,4,16,162
1,-0.86,0.43,-7.77,0,17,4,17,232
1,-0.63,0.55,-7.96,0,17,4,18,303
1,-0.78,0.43,-7.77,0,17,4,19,372
1,-0.59,0.67,-8.00,0,17,4,20,444
1,-0.71,0.59,-7.81,0,17,4,21,517
1,-0.67,0.55,-7.77,0,17,4,22,586
1,-0.67,0.75,-7.85,0,17,4,23,658
1,-0.63,0.78,-7.88,0,17,4,24,726
1,-0.51,0.43,-7.85,0,17,4,25,794
1,-0.39,0.67,-7.92,0,17,4,26,864
1,-0.35,0.90,-8.04,0,17,4,27,936
1,-0.75,0.98,-7.49,0,17,4,28,5
1,-0.31,0.98,-7.69,0,17,4,29,75
1,-0.39,0.82,-7.81,0,17,4,30,145
1,-0.39,0.86,-8.04,0,17,4,31,214
1,-0.39,0.67,-7.85,0,17,4,32,288
1,-0.27,0.78,-7.77,0,17,4,33,357
1,-0.31,0.67,-7.73,0,17,4,34,429
1,-0.55,0.20,-8.24,0,17,4,35,497
1,-0.63,0.20,-8.59,0,17,4,36,567
1,0.04,0.59,-8.36,0,17,4,37,635
1,-0.27,0.82,-7.49,0,17,4,38,704
1,-0.24,0.63,-7.77,0,17,4,39,773
1,0.71,1.10,-7.26,0,17,4,40,841
1,0.47,1.02,-7.53,0,17,4,41,909
1,0.39,0.82,-8.20,0,17,4,42,977
1,-0.55,-0.12,-7.96,0,17,4,43,45
1,0.04,0.55,-8.51,0,17,4,44,115
1,0.51,0.63,-8.67,0,17,4,45,184
1,-0.78,0.08,-8.51,0,17,4,46,252
1,-0.20,-0.04,-8.12,0,17,4,47,321
1,0.47,-0.82,-7.53,0,17,4,48,389
1,0.82,1.29,-7.88,0,17,4,49,457
1,0.00,1.65,-7.69,0,17,4,50,525
1,0.12,0.98,-7.14,0,17,4,51,594
1,0.24,0.51,-8.00,0,17,4,52,672
1,0.08,1.84,-7.61,0,17,4,53,741
1,0.47,-0.86,-7.77,0,17,4,54,811
1,0.27,1.45,-8.12,0,17,4,55,880
1,-1.06,1.96,-8.32,0,17,4,56,949
1,0.47,0.20,-9.57,0,17,4,57,22
1,0.08,1.84,-6.67,0,17,4,58,91
1,-1.41,0.31,-7.65,0,17,4,59,160
1,-1.02,1.73,-8.67,0,17,5,0,228
1,-1.10,1.02,-7.53,0,17,5,1,296
1,-1.53,1.29,-8.12,0,17,5,2,366
1,-1.49,1.61,-9.89,0,17,5,3,435
1,-3.18,3.61,-8.16,0,17,5,4,503
1,-2.90,2.35,-8.43,0,17,5,5,573
1,-3.10,3.02,-7.49,0,17,5,6,641
1,-3.22,2.67,-7.10,0,17,5,7,710
1,-3.92,3.06,-5.92,0,17,5,8,779
1,-4.24,2.39,-6.12,0,17,5,9,847
1,-5.84,0.63,-6.12,0,17,5,10,916
1,-5.22,1.65,-7.92,0,17,5,11,983
1,-6.20,2.28,-7.10,0,17,5,12,62
1,-5.92,-0.78,-6.32,0,17,5,13,130
1,-4.47,-0.16,-7.65,0,17,5,14,199
1,-4.90,-1.37,-5.61,0,17,5,15,269
1,-5.61,-1.49,-4.94,0,17,5,16,338
1,-5.92,-1.49,-5.77,0,17,5,17,406
1,-3.61,-1.33,-7.45,0,17,5,18,474
1,-3.92,-1.22,-5.14,0,17,5,19,544
1,-4.63,-1.26,-7.34,0,17,5,20,618
1,-4.67,-1.96,-6.71,0,17,5,21,717
1,-5.22,-0.98,-6.20,0,17,5,22,786
1,-3.45,0.00,-6.39,0,17,5,23,857
1,-5.22,0.59,-6.08,0,17,5,24,926
1,-4.04,-0.12,-6.90,0,17,5,25,996
1,-2.86,0.55,-6.39,0,17,5,26,65
1,-3.45,-0.67,-8.04,0,17,5,27,137
1,-2.75,0.35,-8.51,0,17,5,28,207
1,-3.37,1.22,-8.16,0,17,5,29,275
1,-3.33,1.18,-6.90,0,17,5,30,344
1,-2.79,1.14,-7.65,0,17,5,31,412
1,-3.65,0.59,-7.77,0,17,5,32,480
1,-3.69,1.18,-0.55,0,17,5,33,550
1,-3.61,1.10,-9.41,0,17,5,34,619
1,-3.30,1.57,-7.37,0,17,5,35,696
1,-3.18,0.43,-7.30,0,17,5,36,765
1,-3.22,1.80,-7.22,0,17,5,37,842
1,-3.37,0.27,-7.30,0,17,5,38,912
1,-3.06,1.49,-7.41,0,17,5,39,983
1,-3.69,0.63,-7.57,0,17,5,40,51
1,-3.41,1.69,-7.26,0,17,5,41,119
1,-3.37,0.78,-7.14,0,17,5,42,189
1,-3.22,1.22,-7.22,0,17,5,43,258
1,-3.49,0.94,-7.61,0,17,5,44,327
1,-3.45,1.06,-7.45,0,17,5,45,396
1,-4.35,1.33,-7.18,0,17,5,46,466
1,-3.14,1.26,-7.49,0,17,5,47,536
1,-3.57,0.98,-7.41,0,17,5,48,616
1,-3.96,1.06,-7.37,0,17,5,49,685
1,-3.37,1.26,-7.10,0,17,5,50,753
1,-3.53,0.82,-7.37,0,17,5,51,822
1,-3.41,1.29,-7.34,0,17,5,52,894
1,-3.41,0.90,-7.30,0,17,5,53,962
1,-3.22,0.94,-7.37,0,17,5,54,34
1,-3.18,0.94,-7.14,0,17,5,55,103
1,-3.26,0.90,-7.41,0,17,5,56,172
1,-3.26,0.82,-7.69,0,17,5,57,241
1,-3.10,1.14,-7.37,0,17,5,58,310
1,-3.14,0.67,-7.53,0,17,5,59,379
1,-3.02,1.02,-7.57,0,17,6,0,461
1,-2.82,1.14,-7.53,0,17,6,1,532
1,-2.75,0.67,-7.53,0,17,6,2,604
1,-2.86,1.10,-7.49,0,17,6,3,671
1,-2.51,0.63,-7.53,0,17,6,4,742
1,-2.82,0.90,-7.53,0,17,6,5,810
1,-2.86,0.75,-7.65,0,17,6,6,878
1,-2.86,0.63,-7.41,0,17,6,7,945
1,-2.86,0.82,-7.65,0,17,6,8,16
1,-3.02,0.59,-7.61,0,17,6,9,84
1,-2.67,0.90,-7.26,0,17,6,10,152
1,-3.02,0.59,-7.57,0,17,6,11,222
1,-2.94,0.90,-7.57,0,17,6,12,290
1,-2.55,0.75,-7.69,0,17,6,13,359
1,-3.02,0.71,-7.45,0,17,6,14,429
1,-3.02,0.82,-7.69,0,17,6,15,501
1,-2.86,0.67,-7.26,0,17,6,16,572
1,-2.79,0.90,-7.49,0,17,6,17,642
1,-2.94,0.75,-7.30,0,17,6,18,721
1,-3.02,0.67,-7.61,0,17,6,19,789
1,-2.86,0.98,-7.22,0,17,6,20,857
1,-2.71,0.55,-7.49,0,17,6,21,925
1,-3.30,0.90,-7.65,0,17,6,22,994
1,-3.06,0.59,-7.37,0,17,6,23,74
1,-2.79,0.78,-7.45,0,17,6,24,142
1,-3.14,0.63,-7.53,0,17,6,25,211
1,-3.10,0.75,-7.53,0,17,6,26,282
1,-3.22,0.75,-7.41,0,17,6,27,354
1,-3.14,0.90,-7.41,0,17,6,28,423
1,-2.90,0.78,-7.53,0,17,6,29,491
1,-3.10,0.59,-7.49,0,17,6,30,560
1,-2.98,0.63,-7.65,0,17,6,31,627
1,-2.82,0.43,-7.61,0,17,6,32,696
1,-2.55,1.37,-9.06,0,17,6,33,766
1,-3.57,1.22,-6.83,0,17,6,34,837
1,-2.82,0.08,-8.00,0,17,6,35,907
1,-2.94,1.45,-7.49,0,17,6,36,976
1,-2.79,0.24,-7.26,0,17,6,37,44
1,-2.82,1.37,-7.22,0,17,6,38,113
1,-2.98,0.35,-7.53,0,17,6,39,182
1,-3.26,1.49,-7.77,0,17,6,40,249
1,-2.94,0.51,-7.57,0,17,6,41,318
1,-2.98,1.06,-7.45,0,17,6,42,387
1,-3.02,0.78,-7.45,0,17,6,43,462
1,-3.06,1.26,-7.45,0,17,6,44,530
1,-3.26,0.75,-7.61,0,17,6,45,600
1,-3.10,1.14,-7.57,0,17,6,46,668
1,-3.18,1.02,-7.53,0,17,6,47,745
1,-3.14,0.98,-7.37,0,17,6,48,814
1,-3.22,1.02,-7.34,0,17,6,49,884
1,-3.26,0.75,-7.22,0,17,6,50,953
1,-3.57,0.86,-7.06,0,17,6,51,52
1,-3.37,0.94,-7.18,0,17,6,52,127
1,-3.22,0.71,-7.49,0,17,6,53,196
1,-4.24,0.75,-6.32,0,17,6,54,310
1,-3.41,1.02,-7.02,0,17,6,55,378
1,-3.26,0.67,-7.37,0,17,6,56,449
1,-3.26,1.06,-7.30,0,17,6,57,520
1,-3.45,0.63,-7.37,0,17,6,58,589
1,-3.61,1.26,-7.34,0,17,6,59,658
1,-3.57,0.71,-7.26,0,17,7,0,726
1,-3.18,1.10,-7.37,0,17,7,1,797
1,-3.26,0.67,-7.41,0,17,7,2,867
1,-3.33,1.18,-7.14,0,17,7,3,936
1,-3.26,0.67,-7.14,0,17,7,4,5
1,-3.22,0.90,-7.41,0,17,7,5,75
1,-3.33,1.02,-7.30,0,17,7,6,143
1,-3.41,0.63,-7.37,0,17,7,7,214
1,-3.41,1.02,-7.22,0,17,7,8,279
1,-3.26,0.94,-7.41,0,17,7,9,348
1,-3.26,1.41,-7.49,0,17,7,10,426
1,-3.41,0.63,-7.53,0,17,7,11,495
1,-3.22,1.37,-7.26,0,17,7,12,564
1,-3.30,1.02,-7.37,0,17,7,13,634
1,-3.18,1.41,-7.49,0,17,7,14,701
1,-3.14,0.78,-7.45,0,17,7,15,770
1,-3.14,0.94,-7.53,0,17,7,16,838
1,-3.02,1.06,-7.57,0,17,7,17,908
1,-3.14,0.78,-7.45,0,17,7,18,977
1,-2.90,1.02,-7.85,0,17,7,19,52
1,-3.30,1.22,-7.61,0,17,7,20,120
1,-2.86,0.94,-7.41,0,17,7,21,189
1,-2.94,1.06,-7.37,0,17,7,22,259
1,-2.71,0.43,-7.61,0,17,7,23,329
1,-2.75,1.10,-7.57,0,17,7,24,398
1,-2.82,0.51,-7.57,0,17,7,25,466
1,-2.75,0.94,-7.41,0,17,7,26,535
1,-2.75,0.71,-7.57,0,17,7,27,603
1,-2.67,0.86,-7.41,0,17,7,28,672
1,-2.90,0.86,-7.22,0,17,7,29,741
1,-2.94,0.94,-7.65,0,17,7,30,809
1,-2.71,1.02,-7.45,0,17,7,31,877
1,-2.98,0.71,-7.61,0,17,7,32,945
1,-3.06,1.06,-7.53,0,17,7,33,13
1,-2.86,0.63,-7.49,0,17,7,34,81
1,-2.75,0.98,-7.57,0,17,7,35,152
1,-2.98,0.90,-7.49,0,17,7,36,221
1,-2.86,1.06,-7.37,0,17,7,37,290
1,-2.82,1.02,-7.49,0,17,7,38,368
1,-2.90,0.82,-7.61,0,17,7,39,437
1,-2.94,1.02,-7.45,0,17,7,40,506
1,-2.90,0.82,-7.37,0,17,7,41,577
1,-2.90,0.98,-7.45,0,17,7,42,645
1,-2.94,1.02,-7.45,0,17,7,43,714
1,-2.86,0.67,-7.41,0,17,7,44,783
1,-3.10,1.14,-7.57,0,17,7,45,851
1,-2.90,1.06,-7.57,0,17,7,46,920
1,-2.86,1.06,-7.37,0,17,7,47,990
1,-2.94,0.55,-7.22,0,17,7,48,62
1,-2.79,1.10,-8.16,0,17,7,49,132
1,-2.94,1.18,-7.41,0,17,7,50,199
1,-2.94,0.82,-7.45,0,17,7,51,268
1,-2.86,1.14,-7.57,0,17,7,52,336
1,-2.94,0.75,-7.26,0,17,7,53,407
1,-2.90,1.18,-7.45,0,17,7,54,475
1,-2.79,0.82,-7.49,0,17,7,55,544
1,-2.75,0.94,-7.73,0,17,7,56,612
1,-2.86,1.18,-7.45,0,17,7,57,685
1,-3.10,0.90,-7.26,0,17,7,58,754
1,-2.98,1.29,-7.65,0,17,7,59,823
1,-2.79,0.98,-7.26,0,17,8,0,892
1,-2.71,1.18,-7.37,0,17,8,1,960
1,-2.90,0.98,-7.53,0,17,8,2,28
1,-2.86,0.90,-7.57,0,17,8,3,99
1,-2.71,0.90,-7.45,0,17,8,4,168
1,-2.79,0.86,-7.61,0,17,8,5,237
1,-2.75,0.75,-7.61,0,17,8,6,307
1,-4.51,0.78,-5.02,0,17,8,7,376
1,-3.26,0.35,-8.20,0,17,8,8,444
1,-2.43,1.69,-7.14,0,17,8,9,512
1,-3.37,0.04,-7.49,0,17,8,10,581
1,-2.90,1.49,-7.45,0,17,8,11,648
1,-3.02,0.59,-7.34,0,17,8,12,718
1,-2.90,1.29,-7.22,0,17,8,13,792
1,-2.94,1.45,-7.34,0,17,8,14,860
1,-3.45,0.71,-7.57,0,17,8,15,929
1,-3.10,1.18,-7.49,0,17,8,16,997
1,-2.86,0.71,-7.41,0,17,8,17,71
1,-2.98,0.94,-7.57,0,17,8,18,140
1,-3.61,0.98,-8.04,0,17,8,19,208
1,-3.33,0.98,-7.18,0,17,8,20,276
1,-2.79,0.86,-7.41,0,17,8,21,344
1,-3.26,0.94,-7.53,0,17,8,22,412
1,-3.02,1.06,-7.22,0,17,8,23,481
1,-2.75,0.86,-7.30,0,17,8,24,550
1,-3.26,0.82,-7.57,0,17,8,25,619
1,-2.75,1.06,-7.10,0,17,8,26,687
1,-3.06,0.78,-7.41,0,17,8,27,769
1,-3.33,0.78,-7.61,0,17,8,28,838
1,-2.90,1.14,-7.41,0,17,8,29,907
1,-2.94,0.90,-7.30,0,17,8,30,975
1,-3.26,1.10,-7.49,0,17,8,31,55
1,-3.45,1.22,-7.49,0,17,8,32,125
1,-3.22,1.14,-7.06,0,17,8,33,195
1,-3.61,0.94,-7.57,0,17,8,34,263
1,-3.49,1.18,-7.49,0,17,8,35,332
1,-3.37,1.06,-7.30,0,17,8,36,401
1,-3.53,0.94,-7.34,0,17,8,37,470
1,-3.73,1.26,-7.49,0,17,8,38,540
1,-3.45,1.10,-7.34,0,17,8,39,608
1,-3.53,1.22,-7.02,0,17,8,40,686
1,-3.73,0.67,-7.37,0,17,8,41,756
1,-3.37,1.29,-7.57,0,17,8,42,825
1,-3.41,1.22,-7.26,0,17,8,43,902
1,-3.49,1.22,-7.10,0,17,8,44,970
1,-3.45,1.22,-6.83,0,17,8,45,39
1,-3.73,1.37,-7.02,0,17,8,46,108
1,-3.73,0.82,-7.96,0,17,8,47,177
1,-3.26,1.33,-7.85,0,17,8,48,245
1,-3.41,1.10,-6.59,0,17,8,49,327
1,-3.26,0.82,-7.22,0,17,8,50,398
1,-3.45,1.41,-7.49,0,17,8,51,467
1,-3.61,1.02,-7.41,0,17,8,52,534
1,-3.37,1.18,-7.53,0,17,8,53,602
1,-3.41,1.14,-7.49,0,17,8,54,670
1,-3.53,1.06,-7.49,0,17,8,55,740
1,-2.79,1.49,-8.12,0,17,8,56,816
1,-3.57,0.67,-6.98,0,17,8,57,884
1,-3.30,0.71,-7.65,0,17,8,58,952
1,-3.53,0.71,-7.49,0,17,8,59,20
1,-3.45,0.82,-7.53,0,17,9,0,91
1,-3.37,1.53,-8.39,0,17,9,1,159
1,-3.77,0.94,-7.14,0,17,9,2,228
1,-3.14,0.63,-7.85,0,17,9,3,300
1,-2.24,1.14,-9.96,0,17,9,4,373
1,-3.61,0.47,-7.30,0,17,9,5,441
1,-3.22,1.22,-7.61,0,17,9,6,513
1,-3.96,1.02,-7.30,0,17,9,7,582
1,-3.18,1.45,-7.53,0,17,9,8,650
1,-3.22,1.02,-7.14,0,17,9,9,719
1,-3.18,1.29,-7.34,0,17,9,10,788
1,-3.45,1.22,-7.65,0,17,9,11,858
1,-2.59,1.96,-7.57,0,17,9,12,931
1,-3.92,0.43,-7.57,0,17,9,13,999
1,-3.18,1.88,-7.53,0,17,9,14,68
1,-3.18,0.71,-7.06,0,17,9,15,138
1,-3.80,1.77,-7.49,0,17,9,16,207
1,-3.37,1.02,-7.49,0,17,9,17,279
1,-3.18,1.61,-7.45,0,17,9,18,344
1,-3.37,1.22,-7.53,0,17,9,19,414
1,-3.77,1.49,-6.79,0,17,9,20,483
1,-3.33,1.26,-7.14,0,17,9,21,554
1,-3.10,1.49,-7.65,0,17,9,22,625
1,-3.14,1.22,-7.49,0,17,9,23,694
1,-2.63,0.98,-7.61,0,17,9,24,761
1,-3.14,1.10,-7.69,0,17,9,25,836
1,-2.04,1.22,-8.83,0,17,9,26,905
1,-2.98,1.41,-7.10,0,17,9,27,973
1,-2.90,0.90,-7.65,0,17,9,28,41
1,-2.98,1.37,-7.49,0,17,9,29,109
1,-3.41,0.59,-7.57,0,17,9,30,179
1,-3.26,1.53,-7.37,0,17,9,31,248
1,-3.02,0.82,-7.37,0,17,9,32,316
1,-3.26,1.53,-7.26,0,17,9,33,384
1,-3.18,0.90,-7.49,0,17,9,34,454
1,-2.98,1.29,-7.14,0,17,9,35,521
1,-3.10,0.78,-7.53,0,17,9,36,590
1,-3.33,1.14,-7.34,0,17,9,37,660
1,-3.06,0.98,-7.49,0,17,9,38,728
1,-3.06,1.26,-7.30,0,17,9,39,797
1,-3.14,1.06,-7.30,0,17,9,40,871
1,-3.26,1.02,-7.73,0,17,9,41,940
1,-3.18,1.14,-7.37,0,17,9,42,9
1,-3.26,0.67,-7.61,0,17,9,43,80
1,-3.30,0.94,-7.45,0,17,9,44,150
1,-3.18,0.86,-7.41,0,17,9,45,220
1,-3.06,1.06,-7.30,0,17,9,46,288
1,-3.33,0.82,-7.14,0,17,9,47,356
1,-3.49,1.26,-7.37,0,17,9,48,426
1,-3.02,0.86,-7.45,0,17,9,49,494
1,-2.82,0.90,-7.22,0,17,9,50,563
1,-3.06,0.75,-7.61,0,17,9,51,632
1,-3.14,0.98,-7.69,0,17,9,52,699
1,-2.79,0.75,-7.65,0,17,9,53,769
1,-3.26,1.65,-7.69,0,17,9,54,837
1,-3.10,0.82,-7.22,0,17,9,55,923
1,-2.79,0.12,-7.69,0,17,9,56,992
1,-3.22,1.49,-7.45,0,17,9,57,60
1,-3.30,0.39,-7.45,0,17,9,58,128
1,-2.71,1.37,-7.45,0,17,9,59,198
1,-3.30,0.39,-7.41,0,17,10,0,266
1,-3.02,1.14,-7.41,0,17,10,1,337
1,-3.06,0.82,-7.49,0,17,10,2,405
1,-2.94,0.94,-7.61,0,17,10,3,474
1,-3.02,1.06,-7.34,0,17,10,4,544
1,-3.10,0.59,-7.34,0,17,10,5,613
1,-2.75,1.22,-7.69,0,17,10,6,682
1,-3.18,0.90,-7.53,0,17,10,7,751
1,-3.10,0.94,-7.22,0,17,10,8,821
1,-3.14,0.78,-7.34,0,17,10,9,889
1,-3.06,0.86,-7.81,0,17,10,10,958
1,-3.30,0.90,-7.22,0,17,10,11,27
1,-3.14,0.78,-7.37,0,17,10,12,94
1,-2.90,0.90,-7.49,0,17,10,13,162
1,-3.14,0.71,-7.30,0,17,10,14,232
1,-3.26,0.86,-7.45,0,17,10,15,300

