1,-4.04,0.78,-7.10,0,17,54,55,33
1,-4.00,0.71,-7.14,0,17,54,56,211
1,-4.43,0.71,-6.83,0,17,54,57,280
1,-4.59,0.63,-6.75,0,17,54,58,442
1,-4.43,0.47,-7.26,0,17,54,59,621
1,-4.24,0.59,-6.79,0,17,55,0,689
1,-4.20,0.67,-7.06,0,17,55,1,852
1,-4.39,0.90,-7.06,0,17,55,2,30
1,-4.51,1.18,-6.94,0,17,55,3,97
1,-4.47,1.06,-7.02,0,17,55,4,278
1,-4.43,0.98,-6.79,0,17,55,5,504
1,-4.51,0.82,-6.83,0,17,55,6,575
1,-4.47,0.90,-6.98,0,17,55,7,645
1,-4.59,0.51,-6.83,0,17,55,8,714
1,-4.47,0.75,-6.79,0,17,55,9,784
1,-4.55,0.94,-7.06,0,17,55,10,852
1,-4.63,0.75,-6.86,0,17,55,11,920
1,-4.63,0.78,-6.71,0,17,55,12,989
1,-4.47,0.75,-6.90,0,17,55,13,56
1,-4.55,0.67,-7.14,0,17,55,14,125
1,-4.55,0.75,-6.79,0,17,55,15,193
1,-4.59,0.78,-6.75,0,17,55,16,261
1,-4.51,0.63,-6.67,0,17,55,17,331
1,-4.63,0.90,-6.90,0,17,55,18,399
1,-4.75,0.86,-7.02,0,17,55,19,469
1,-4.63,1.02,-6.71,0,17,55,20,537
1,-4.55,0.78,-6.75,0,17,55,21,607
1,-4.51,0.86,-6.67,0,17,55,22,675
1,-4.43,0.63,-6.83,0,17,55,23,745
1,-4.63,0.82,-6.98,0,17,55,24,815
1,-4.63,0.94,-6.94,0,17,55,25,887
1,-4.63,0.82,-6.71,0,17,55,26,958
1,-4.43,0.67,-6.71,0,17,55,27,26
1,-4.67,0.78,-6.79,0,17,55,28,97
1,-4.63,0.71,-6.83,0,17,55,29,169
1,-4.63,0.82,-6.94,0,17,55,30,237
1,-4.55,0.90,-6.67,0,17,55,31,307
1,-4.63,0.71,-6.83,0,17,55,32,376
1,-4.51,0.63,-6.86,0,17,55,33,445
1,-4.55,0.75,-6.94,0,17,55,34,514
1,-4.63,0.71,-6.71,0,17,55,35,583
1,-4.51,0.67,-6.83,0,17,55,36,651
1,-4.67,0.94,-6.94,0,17,55,37,719
1,-4.55,0.67,-6.86,0,17,55,38,788
1,-4.63,0.86,-6.94,0,17,55,39,859
1,-4.59,0.94,-6.94,0,17,55,40,928
1,-4.63,0.78,-6.71,0,17,55,41,995
1,-4.47,0.75,-6.90,0,17,55,42,63
1,-4.51,0.86,-6.90,0,17,55,43,132
1,-4.47,0.71,-6.86,0,17,55,44,201
1,-4.67,0.94,-6.79,0,17,55,45,270
1,-4.55,0.75,-6.86,0,17,55,46,339
1,-4.55,0.82,-6.98,0,17,55,47,411
1,-4.43,0.63,-6.90,0,17,55,48,478
1,-4.55,0.86,-6.83,0,17,55,49,548
1,-4.51,0.71,-6.86,0,17,55,50,616
1,-4.55,0.71,-6.79,0,17,55,51,685
1,-4.55,0.86,-6.83,0,17,55,52,754
1,-4.67,0.78,-6.86,0,17,55,53,822
1,-4.43,0.71,-6.86,0,17,55,54,891
1,-4.55,0.86,-6.90,0,17,55,55,960
1,-4.59,0.71,-6.83,0,17,55,56,29
1,-4.55,0.78,-6.83,0,17,55,57,97
1,-4.59,0.71,-6.79,0,17,55,58,168
1,-4.51,0.75,-6.79,0,17,55,59,236
1,-4.51,0.67,-6.90,0,17,56,0,306
1,-4.63,0.71,-6.75,0,17,56,1,375
1,-4.63,0.78,-6.90,0,17,56,2,443
1,-4.55,0.63,-6.71,0,17,56,3,512
1,-4.55,0.82,-6.71,0,17,56,4,581
1,-4.75,0.86,-6.83,0,17,56,5,649
1,-4.63,0.55,-6.75,0,17,56,6,719
1,-4.67,0.82,-6.90,0,17,56,7,787
1,-4.71,0.71,-6.90,0,17,56,8,856
1,-4.67,0.63,-6.67,0,17,56,9,925
1,-4.75,0.71,-6.71,0,17,56,10,994
1,-4.71,0.67,-6.75,0,17,56,11,61
1,-4.71,0.67,-6.75,0,17,56,12,130
1,-4.79,0.86,-6.43,0,17,56,13,197
1,-4.79,0.71,-7.02,0,17,56,14,266
1,-4.35,0.08,-6.63,0,17,56,15,337
1,-4.82,0.86,-6.90,0,17,56,16,405
1,-4.79,0.71,-6.75,0,17,56,17,474
1,-4.55,0.78,-6.98,0,17,56,18,543
1,-4.79,0.63,-6.75,0,17,56,19,613
1,-4.63,0.63,-6.63,0,17,56,20,681
1,-4.86,0.78,-6.79,0,17,56,21,750
1,-4.59,0.78,-6.86,0,17,56,22,817
1,-4.55,0.67,-6.83,0,17,56,23,887
1,-4.86,0.75,-6.79,0,17,56,24,956
1,-4.82,0.63,-6.75,0,17,56,25,26
1,-4.79,0.71,-6.63,0,17,56,26,94
1,-4.63,0.67,-6.71,0,17,56,27,165
1,-4.82,0.59,-6.55,0,17,56,28,234
1,-4.90,0.82,-6.79,0,17,56,29,303
1,-4.79,0.43,-7.06,0,17,56,30,371
1,-4.75,0.51,-6.79,0,17,56,31,439
1,-4.71,0.59,-6.63,0,17,56,32,507
1,-4.86,0.55,-6.71,0,17,56,33,577
1,-4.79,0.71,-6.79,0,17,56,34,645
1,-4.71,0.71,-6.55,0,17,56,35,714
1,-4.82,0.63,-6.83,0,17,56,36,783
1,-4.79,0.51,-6.90,0,17,56,37,852
1,-4.71,0.47,-6.71,0,17,56,38,932
1,-4.82,0.67,-6.71,0,17,56,39,3
1,-4.79,0.39,-6.75,0,17,56,40,72
1,-4.86,0.71,-6.83,0,17,56,41,141
1,-4.90,0.63,-6.59,0,17,56,42,210
1,-4.79,0.67,-6.67,0,17,56,43,289
1,-4.86,0.63,-6.86,0,17,56,44,380
1,-4.90,0.75,-6.83,0,17,56,45,448
1,-4.79,0.51,-6.75,0,17,56,46,516
1,-4.90,0.59,-6.47,0,17,56,47,584
1,-4.86,0.51,-6.47,0,17,56,48,654
1,-4.75,0.51,-6.90,0,17,56,49,721
1,-4.90,0.59,-6.83,0,17,56,50,791
1,-4.82,0.59,-6.79,0,17,56,51,860
1,-4.75,0.67,-6.79,0,17,56,52,929
1,-4.63,0.51,-6.79,0,17,56,53,997
1,-4.75,0.51,-6.63,0,17,56,54,65
1,-4.86,0.59,-6.79,0,17,56,55,134
1,-4.82,0.39,-6.75,0,17,56,56,210
1,-4.67,0.51,-6.63,0,17,56,57,285
1,-4.79,0.59,-6.59,0,17,56,58,354
1,-4.67,0.55,-6.86,0,17,56,59,422
1,-4.75,0.71,-6.83,0,17,57,0,491
1,-4.63,0.51,-6.71,0,17,57,1,561
1,-4.79,0.75,-6.63,0,17,57,2,634
1,-4.82,0.75,-6.98,0,17,57,3,703
1,-4.63,0.51,-6.71,0,17,57,4,771
1,-4.67,0.63,-6.75,0,17,57,5,839
1,-4.67,0.63,-6.47,0,17,57,6,908
1,-4.86,0.71,-6.83,0,17,57,7,975
1,-4.59,0.59,-7.06,0,17,57,8,45
1,-4.71,0.55,-6.71,0,17,57,9,113
1,-4.75,0.78,-6.71,0,17,57,10,181
1,-4.59,0.55,-6.83,0,17,57,10,249
1,-4.59,0.55,-6.71,0,17,57,10,317
1,-4.71,0.78,-6.79,0,17,57,10,386
1,-4.55,0.55,-6.94,0,17,57,10,459
1,-4.55,0.43,-6.79,0,17,57,10,530
1,-4.51,0.71,-6.94,0,17,57,10,600
1,-4.63,0.71,-6.63,0,17,57,10,669
1,-4.47,0.55,-6.75,0,17,57,10,738
1,-4.67,0.63,-6.71,0,17,57,10,808
1,-4.71,0.86,-6.71,0,17,57,10,876
1,-4.63,0.63,-7.22,0,17,57,10,945
1,-4.75,0.59,-7.02,0,17,57,11,14
1,-4.63,0.59,-6.67,0,17,57,11,83
1,-4.63,1.02,-6.90,0,17,57,11,151
1,-4.63,0.67,-6.86,0,17,57,11,219
1,-4.59,0.78,-6.86,0,17,57,11,287
1,-4.59,0.59,-6.94,0,17,57,11,354
1,-4.59,0.63,-6.86,0,17,57,11,425
1,-4.67,0.75,-6.79,0,17,57,11,493
1,-4.55,0.75,-6.75,0,17,57,11,562
1,-4.71,0.71,-6.90,0,17,57,11,665
1,-4.75,0.63,-6.86,0,17,57,11,742
1,-4.71,0.82,-6.47,0,17,57,11,811
1,-4.55,0.51,-6.71,0,17,57,11,881
1,-4.67,0.67,-6.71,0,17,57,11,951
1,-4.90,0.67,-6.71,0,17,57,12,20
1,-4.79,0.63,-6.90,0,17,57,12,91
1,-4.63,0.75,-6.94,0,17,57,12,159
1,-4.75,0.55,-6.47,0,17,57,12,226
1,-4.86,0.67,-6.24,0,17,57,12,295
1,-4.67,0.71,-7.06,0,17,57,12,363
1,-4.63,0.51,-6.98,0,17,57,12,433
1,-4.79,0.51,-6.59,0,17,57,12,501
1,-4.71,0.51,-6.63,0,17,57,12,570
1,-4.75,0.67,-6.94,0,17,57,12,638
1,-4.71,0.63,-6.98,0,17,57,12,707
1,-4.82,0.55,-6.71,0,17,57,12,775
1,-4.59,0.55,-6.71,0,17,57,12,845
1,-4.86,0.67,-6.83,0,17,57,12,914
1,-4.79,0.59,-6.75,0,17,57,12,982
1,-4.82,0.47,-6.79,0,17,57,13,50
1,-4.67,0.67,-6.86,0,17,57,13,125
1,-4.82,0.63,-6.63,0,17,57,13,193
1,-4.86,0.59,-6.86,0,17,57,13,265
1,-4.67,0.55,-6.86,0,17,57,13,335
1,-4.67,0.67,-6.59,0,17,57,13,404
1,-4.86,0.63,-6.47,0,17,57,13,471
1,-4.63,0.55,-6.98,0,17,57,13,539
1,-4.71,0.67,-7.10,0,17,57,13,607
1,-4.63,0.75,-6.79,0,17,57,13,677
1,-4.82,0.63,-6.75,0,17,57,13,745
1,-4.67,0.55,-6.83,0,17,57,13,815
1,-4.79,0.67,-6.75,0,17,57,13,884
1,-4.67,0.75,-6.90,0,17,57,13,952
1,-4.71,0.59,-6.83,0,17,57,14,20
1,-4.75,0.47,-6.83,0,17,57,14,89
1,-4.67,0.55,-6.71,0,17,57,14,173
1,-4.79,0.59,-6.86,0,17,57,14,242
1,-4.79,0.63,-6.86,0,17,57,14,311
1,-4.71,0.43,-6.86,0,17,57,14,384
1,-4.71,0.47,-6.67,0,17,57,14,452
1,-4.67,0.59,-6.83,0,17,57,14,521
1,-4.79,0.63,-6.86,0,17,57,14,590
1,-4.63,0.47,-6.83,0,17,57,14,659
1,-4.75,0.55,-6.71,0,17,57,14,727
1,-4.67,0.47,-6.71,0,17,57,14,797
1,-4.67,0.59,-6.90,0,17,57,14,865
1,-4.75,0.55,-6.71,0,17,57,14,932
1,-4.71,0.51,-6.79,0,17,57,15,3
1,-4.75,0.51,-6.83,0,17,57,15,73
1,-4.67,0.39,-6.63,0,17,57,15,143
1,-4.75,0.59,-6.94,0,17,57,15,211
1,-4.79,0.55,-6.75,0,17,57,15,280
1,-4.59,0.43,-6.71,0,17,57,15,348
1,-4.71,0.71,-6.86,0,17,57,15,416
1,-4.86,-0.08,-6.83,0,17,57,15,485
1,-4.51,0.47,-7.10,0,17,57,15,553
1,-4.71,0.63,-6.47,0,17,57,15,622
1,-4.75,0.67,-6.79,0,17,57,15,693
1,-4.79,0.55,-6.67,0,17,57,15,761
1,-4.79,0.67,-6.79,0,17,57,15,829
1,-4.75,0.59,-6.83,0,17,57,15,901
1,-4.67,0.47,-6.75,0,17,57,15,968
1,-4.79,0.71,-6.79,0,17,57,16,37
1,-4.75,0.63,-6.79,0,17,57,16,105
1,-4.75,0.55,-6.75,0,17,57,16,174
1,-4.75,0.59,-6.90,0,17,57,16,243
1,-4.79,0.59,-6.63,0,17,57,16,311
1,-4.63,0.63,-6.86,0,17,57,16,398
1,-4.79,0.47,-6.55,0,17,57,16,470
1,-4.71,0.86,-6.79,0,17,57,16,538
1,-4.67,0.51,-6.90,0,17,57,16,607
1,-4.86,0.39,-6.63,0,17,57,16,676
1,-4.75,0.75,-6.86,0,17,57,16,746
1,-4.67,0.39,-6.86,0,17,57,16,814
1,-4.75,0.55,-6.59,0,17,57,16,892
1,-4.82,0.55,-6.79,0,17,57,16,985
1,-4.67,0.39,-6.83,0,17,57,17,54
1,-4.79,0.51,-6.63,0,17,57,17,122
1,-4.79,0.63,-6.63,0,17,57,17,191
1,-4.79,0.51,-6.75,0,17,57,17,260
1,-4.75,0.59,-6.75,0,17,57,17,334
1,-4.79,0.82,-6.83,0,17,57,17,403
1,-4.75,0.47,-6.59,0,17,57,17,474
1,-4.82,0.55,-6.71,0,17,57,17,549
1,-4.75,0.47,-6.75,0,17,57,17,620
1,-4.82,0.67,-6.63,0,17,57,17,687
1,-4.82,0.59,-6.67,0,17,57,17,755
1,-4.67,0.31,-6.71,0,17,57,17,825
1,-4.79,0.63,-6.71,0,17,57,17,894
1,-4.82,0.67,-6.90,0,17,57,17,964
1,-4.71,0.47,-6.86,0,17,57,18,31
1,-4.86,0.63,-6.79,0,17,57,18,101
1,-4.79,0.63,-6.79,0,17,57,18,173
1,-4.71,0.75,-7.06,0,17,57,18,243
1,-4.86,0.67,-6.59,0,17,57,18,311
1,-4.86,0.55,-6.47,0,17,57,18,378
1,-4.79,0.59,-6.86,0,17,57,18,446
1,-4.82,0.47,-6.71,0,17,57,18,516
1,-4.79,0.82,-6.90,0,17,57,18,585
1,-4.90,0.67,-6.51,0,17,57,18,654
1,-4.86,0.59,-6.79,0,17,57,18,721
1,-4.86,0.63,-6.86,0,17,57,18,791
1,-4.75,0.75,-6.67,0,17,57,18,860
1,-4.79,0.67,-6.55,0,17,57,18,927
1,-4.75,0.59,-6.75,0,17,57,18,996
1,-4.90,0.78,-6.83,0,17,57,19,70
1,-4.82,0.71,-6.98,0,17,57,19,138
1,-4.79,0.59,-6.59,0,17,57,19,207
1,-4.90,0.78,-6.39,0,17,57,19,276
1,-4.79,0.75,-6.79,0,17,57,19,344
1,-4.86,0.67,-6.94,0,17,57,19,414
1,-4.79,0.75,-7.14,0,17,57,19,482
1,-4.79,0.63,-6.28,0,17,57,19,550
1,-4.75,0.86,-6.55,0,17,57,19,618
1,-4.67,0.86,-7.14,0,17,57,19,686
1,-4.79,0.55,-6.75,0,17,57,19,756
1,-4.71,1.06,-7.22,0,17,57,19,824
1,-4.94,0.59,-6.90,0,17,57,19,893
1,-4.82,0.78,-6.59,0,17,57,19,962
1,-4.71,0.67,-6.59,0,17,57,20,31
1,-4.71,0.67,-6.90,0,17,57,20,114
1,-4.86,0.78,-6.86,0,17,57,20,185
1,-4.67,0.67,-6.86,0,17,57,20,257
1,-4.82,0.71,-6.75,0,17,57,20,327
1,-4.79,0.71,-6.98,0,17,57,20,404
1,-4.82,0.51,-6.86,0,17,57,20,472
1,-4.79,0.78,-6.59,0,17,57,20,542
1,-4.82,0.47,-6.51,0,17,57,20,610
1,-4.82,0.51,-6.63,0,17,57,20,678
1,-4.82,0.63,-6.90,0,17,57,20,748
1,-4.82,0.63,-6.55,0,17,57,20,816
1,-4.79,0.67,-6.94,0,17,57,20,884
1,-4.82,0.43,-6.71,0,17,57,20,953
1,-4.86,0.59,-6.63,0,17,57,21,22
1,-4.90,0.51,-6.71,0,17,57,21,89
1,-4.90,0.67,-6.55,0,17,57,21,158
1,-4.75,0.55,-6.75,0,17,57,21,228
1,-4.90,0.63,-6.83,0,17,57,21,297
1,-4.86,0.71,-6.94,0,17,57,21,366
1,-4.94,0.51,-6.59,0,17,57,21,433
1,-4.86,0.75,-6.63,0,17,57,21,503
1,-4.75,0.55,-6.79,0,17,57,21,572
1,-4.82,0.71,-6.71,0,17,57,21,640
1,-4.79,0.71,-6.83,0,17,57,21,709
1,-4.82,0.63,-6.83,0,17,57,21,778
1,-4.86,0.67,-6.71,0,17,57,21,847
1,-4.82,0.55,-6.59,0,17,57,21,916
1,-4.75,0.59,-6.75,0,17,57,21,984
1,-4.86,0.39,-6.51,0,17,57,22,52
1,-4.82,0.63,-6.83,0,17,57,22,121
1,-4.90,0.55,-6.63,0,17,57,22,192
1,-4.75,0.82,-6.83,0,17,57,22,263
1,-4.67,0.59,-7.06,0,17,57,22,332
1,-4.90,0.59,-6.55,0,17,57,22,400
1,-4.82,0.55,-6.43,0,17,57,22,470
1,-4.94,0.27,-6.86,0,17,57,22,539
1,-4.71,0.67,-7.02,0,17,57,22,607
1,-4.75,0.82,-6.94,0,17,57,22,678
1,-4.67,0.67,-6.86,0,17,57,22,748
1,-5.06,0.67,-6.35,0,17,57,22,818
1,-4.82,0.59,-6.63,0,17,57,22,886
1,-4.82,0.55,-6.75,0,17,57,22,955
1,-4.63,0.75,-6.63,0,17,57,23,23
1,-4.98,0.47,-6.55,0,17,57,23,92
1,-4.75,0.63,-6.67,0,17,57,23,172
1,-4.86,0.75,-6.79,0,17,57,23,242
1,-4.79,0.67,-6.86,0,17,57,23,311
1,-4.79,0.51,-6.75,0,17,57,23,379
1,-4.82,0.63,-6.71,0,17,57,23,448
1,-4.71,0.63,-6.75,0,17,57,23,516
1,-4.79,0.47,-6.75,0,17,57,23,584
1,-4.75,0.67,-6.71,0,17,57,23,653
1,-4.79,0.71,-6.71,0,17,57,23,724
1,-4.86,0.55,-6.83,0,17,57,23,792
1,-4.82,0.51,-7.02,0,17,57,23,861
1,-4.75,1.02,-6.55,0,17,57,23,934
1,-4.67,0.47,-6.39,0,17,57,24,2
1,-4.71,0.43,-6.55,0,17,57,24,72
1,-4.79,0.51,-6.90,0,17,57,24,141
1,-4.79,0.63,-6.94,0,17,57,24,210
1,-4.75,0.31,-6.86,0,17,57,24,278
1,-4.75,0.43,-6.67,0,17,57,24,347
1,-4.67,0.51,-6.55,0,17,57,24,416
1,-4.63,0.39,-6.90,0,17,57,24,485
1,-4.90,0.71,-6.71,0,17,57,24,556
1,-4.79,0.59,-7.06,0,17,57,24,625
1,-4.71,0.71,-6.55,0,17,57,24,694
1,-4.75,0.78,-6.47,0,17,57,24,764
1,-4.67,0.59,-6.94,0,17,57,24,833
1,-4.71,0.59,-6.86,0,17,57,24,902
1,-4.82,0.67,-6.83,0,17,57,24,972
1,-4.79,0.51,-6.75,0,17,57,25,41
1,-4.79,0.67,-6.67,0,17,57,25,110
1,-4.71,0.55,-6.79,0,17,57,25,179
1,-4.82,0.51,-6.79,0,17,57,25,247
1,-4.75,0.59,-6.55,0,17,57,25,316
1,-4.71,0.47,-6.90,0,17,57,25,385
1,-4.79,0.59,-6.79,0,17,57,25,454
1,-4.75,0.43,-6.59,0,17,57,25,523
1,-4.86,0.63,-6.83,0,17,57,25,591
1,-4.82,0.55,-6.90,0,17,57,25,658
1,-4.75,0.55,-6.67,0,17,57,25,727
1,-4.75,0.67,-6.71,0,17,57,25,797
1,-4.75,0.55,-6.71,0,17,57,25,865
1,-4.98,0.51,-6.51,0,17,57,25,934
1,-4.67,0.71,-7.14,0,17,57,26,2
1,-4.82,0.75,-6.71,0,17,57,26,72
1,-4.79,0.43,-6.79,0,17,57,26,141
1,-4.86,0.71,-6.63,0,17,57,26,210
1,-4.71,0.43,-6.90,0,17,57,26,280
1,-4.79,0.47,-6.86,0,17,57,26,349
1,-4.79,0.59,-6.67,0,17,57,26,418
1,-4.82,0.59,-6.59,0,17,57,26,486
1,-4.75,0.51,-6.67,0,17,57,26,555
1,-4.79,0.55,-6.90,0,17,57,26,624
1,-4.79,0.59,-6.83,0,17,57,26,694
1,-4.90,0.43,-6.51,0,17,57,26,763
1,-4.71,0.47,-6.75,0,17,57,26,832
1,-4.82,0.51,-6.71,0,17,57,26,901
1,-4.90,0.47,-6.63,0,17,57,26,970
1,-4.82,0.39,-6.71,0,17,57,27,42
1,-4.79,0.55,-6.75,0,17,57,27,111
1,-4.67,0.51,-6.75,0,17,57,27,179
1,-4.94,0.16,-6.79,0,17,57,27,247
1,-4.63,0.35,-6.75,0,17,57,27,317
1,-4.75,0.55,-6.83,0,17,57,27,386
1,-4.82,0.47,-6.83,0,17,57,27,455
1,-4.67,0.35,-6.71,0,17,57,27,527
1,-4.75,0.43,-6.71,0,17,57,27,598
1,-4.79,0.47,-6.79,0,17,57,27,667
1,-4.79,0.31,-6.75,0,17,57,27,736
1,-4.75,0.51,-6.71,0,17,57,27,804
1,-4.79,0.47,-6.71,0,17,57,27,873
1,-4.82,0.47,-6.79,0,17,57,27,942
1,-4.79,0.55,-6.79,0,17,57,28,12
1,-4.82,0.51,-6.75,0,17,57,28,81
1,-4.86,0.63,-6.63,0,17,57,28,149
1,-4.79,0.39,-6.79,0,17,57,28,217
1,-4.82,0.47,-6.75,0,17,57,28,285
1,-4.75,0.59,-6.79,0,17,57,28,354
1,-4.82,0.55,-6.83,0,17,57,28,422
1,-4.86,0.47,-6.71,0,17,57,28,490
1,-4.82,0.59,-6.63,0,17,57,28,560
1,-4.79,0.47,-6.79,0,17,57,28,628
1,-4.90,0.51,-6.75,0,17,57,28,696
1,-4.71,0.63,-6.79,0,17,57,28,765
1,-4.82,0.39,-6.71,0,17,57,28,833
1,-4.94,0.51,-6.63,0,17,57,28,903
1,-4.82,0.47,-6.63,0,17,57,28,972
1,-4.86,0.47,-6.75,0,17,57,29,41
1,-4.75,0.55,-6.83,0,17,57,29,117
1,-4.90,0.59,-6.43,0,17,57,29,185
1,-4.94,0.63,-6.75,0,17,57,29,254
1,-4.82,0.55,-6.79,0,17,57,29,335
1,-4.94,0.51,-6.71,0,17,57,29,402
1,-4.71,0.55,-6.90,0,17,57,29,484
1,-4.90,0.31,-6.67,0,17,57,29,555
1,-4.90,0.43,-6.86,0,17,57,29,624
1,-4.98,0.63,-6.55,0,17,57,29,692
1,-4.79,0.43,-6.71,0,17,57,29,762
1,-4.86,0.43,-6.75,0,17,57,29,830
1,-4.90,0.51,-6.55,0,17,57,29,899
1,-4.90,0.43,-6.67,0,17,57,29,967
1,-4.98,0.47,-6.67,0,17,57,30,45
1,-4.82,0.47,-6.75,0,17,57,30,114
1,-4.86,0.39,-6.51,0,17,57,30,181
1,-4.90,0.47,-6.51,0,17,57,30,249
1,-4.86,0.43,-6.90,0,17,57,30,318
1,-4.98,0.35,-6.67,0,17,57,30,385
1,-4.82,0.43,-6.67,0,17,57,30,462
1,-4.90,0.43,-6.55,0,17,57,30,531
1,-4.71,0.35,-6.79,0,17,57,30,599
1,-4.94,0.51,-6.79,0,17,57,30,667
1,-4.90,0.43,-6.55,0,17,57,30,735
1,-4.98,0.51,-6.35,0,17,57,30,805
1,-4.82,0.43,-6.71,0,17,57,30,874
1,-4.79,0.51,-7.02,0,17,57,30,941
1,-4.82,0.47,-6.75,0,17,57,31,10
1,-4.86,0.47,-6.59,0,17,57,31,79
1,-4.79,0.39,-6.67,0,17,57,31,149
1,-4.90,0.59,-6.67,0,17,57,31,218
1,-4.90,0.63,-6.71,0,17,57,31,287
1,-4.86,0.43,-6.79,0,17,57,31,355
1,-4.79,0.51,-6.75,0,17,57,31,426
1,-4.90,0.47,-6.63,0,17,57,31,507
1,-4.82,0.51,-6.75,0,17,57,31,576
1,-4.86,0.59,-6.67,0,17,57,31,646
1,-4.82,0.43,-6.71,0,17,57,31,713
1,-4.82,0.43,-6.75,0,17,57,31,782
1,-4.98,0.55,-6.71,0,17,57,31,854
1,-4.82,0.47,-6.59,0,17,57,31,921
1,-4.86,0.47,-6.67,0,17,57,31,988
1,-4.82,0.51,-6.71,0,17,57,32,60
1,-4.79,0.39,-6.67,0,17,57,32,128
1,-4.86,0.47,-6.71,0,17,57,32,197
1,-4.79,0.51,-6.79,0,17,57,32,267
1,-4.86,0.55,-6.67,0,17,57,32,335
1,-4.86,0.51,-6.71,0,17,57,32,404
1,-4.86,0.47,-6.67,0,17,57,32,472
1,-4.86,0.43,-6.67,0,17,57,32,541
1,-4.86,0.51,-6.75,0,17,57,32,608
1,-4.90,0.47,-6.75,0,17,57,32,676
1,-4.90,0.39,-6.67,0,17,57,32,744
1,-4.86,0.39,-6.63,0,17,57,32,812
1,-4.90,0.43,-6.67,0,17,57,32,893
1,-4.86,0.43,-6.67,0,17,57,32,961
1,-4.98,0.55,-6.71,0,17,57,33,30
1,-4.90,0.35,-6.59,0,17,57,33,99
1,-4.79,0.31,-6.79,0,17,57,33,171
1,-4.90,0.35,-6.71,0,17,57,33,240
1,-4.82,0.35,-6.67,0,17,57,33,309
1,-4.98,0.47,-6.71,0,17,57,33,378
1,-4.79,0.31,-6.75,0,17,57,33,447
1,-5.02,0.31,-6.71,0,17,57,33,520
1,-4.86,0.63,-6.63,0,17,57,33,589
1,-4.82,0.51,-6.83,0,17,57,33,659
1,-4.86,0.47,-6.67,0,17,57,33,728
1,-4.79,0.55,-6.79,0,17,57,33,800
1,-4.90,0.59,-6.59,0,17,57,33,870
1,-4.82,0.35,-6.59,0,17,57,33,938
1,-4.79,0.59,-6.86,0,17,57,34,7
1,-4.82,0.51,-6.71,0,17,57,34,76
1,-4.82,0.51,-6.71,0,17,57,34,144
1,-4.82,0.51,-6.75,0,17,57,34,214
1,-4.82,0.51,-6.67,0,17,57,34,281
1,-4.82,0.43,-6.67,0,17,57,34,349
1,-4.98,0.59,-6.67,0,17,57,34,419
1,-4.82,0.47,-6.67,0,17,57,34,490
1,-4.82,0.47,-6.63,0,17,57,34,559
1,-4.79,0.43,-6.67,0,17,57,34,630
1,-4.86,0.55,-6.75,0,17,57,34,698
1,-4.82,0.51,-6.71,0,17,57,34,768
1,-4.86,0.51,-6.75,0,17,57,34,838
1,-4.90,0.55,-6.59,0,17,57,34,907
1,-5.06,0.67,-6.75,0,17,57,34,979
1,-4.86,0.47,-6.75,0,17,57,35,47
1,-4.82,0.55,-6.75,0,17,57,35,116
1,-4.90,0.43,-6.75,0,17,57,35,185
1,-4.82,0.55,-6.71,0,17,57,35,258
1,-4.86,0.39,-6.63,0,17,57,35,327
1,-4.79,0.39,-6.79,0,17,57,35,396
1,-4.71,0.51,-6.75,0,17,57,35,464
1,-4.98,0.47,-6.63,0,17,57,35,539
1,-4.82,0.51,-6.71,0,17,57,35,608
1,-4.82,0.51,-6.75,0,17,57,35,677
1,-4.75,0.31,-6.71,0,17,57,35,746
1,-4.79,0.39,-6.67,0,17,57,35,816
1,-4.82,0.51,-6.79,0,17,57,35,883
1,-4.71,0.39,-6.71,0,17,57,35,954
1,-4.67,0.71,-6.79,0,17,57,36,28
1,-4.86,0.35,-6.83,0,17,57,36,96
1,-4.79,0.51,-6.83,0,17,57,36,168
1,-4.90,0.43,-6.67,0,17,57,36,236
1,-4.79,0.59,-6.55,0,17,57,36,304
1,-4.79,0.51,-6.94,0,17,57,36,373
1,-4.79,0.47,-6.75,0,17,57,36,442
1,-4.79,0.43,-6.63,0,17,57,36,518
1,-4.75,0.47,-6.75,0,17,57,36,588
1,-4.82,0.51,-6.63,0,17,57,36,657
1,-4.79,0.47,-6.79,0,17,57,36,726
1,-4.94,0.51,-6.71,0,17,57,36,795
1,-4.82,0.47,-6.75,0,17,57,36,864
1,-4.82,0.51,-6.71,0,17,57,36,932
1,-4.86,0.55,-6.67,0,17,57,37,3
1,-4.86,0.59,-6.71,0,17,57,37,70
1,-4.86,0.51,-6.63,0,17,57,37,142
1,-4.79,0.59,-6.90,0,17,57,37,210
1,-4.90,0.43,-6.71,0,17,57,37,282
1,-4.82,0.47,-6.71,0,17,57,37,351
1,-4.86,0.59,-6.67,0,17,57,37,421
1,-4.82,0.51,-6.83,0,17,57,37,491
1,-4.86,0.39,-6.75,0,17,57,37,563
1,-4.86,0.51,-6.59,0,17,57,37,631
1,-4.82,0.55,-6.63,0,17,57,37,701
1,-4.90,0.43,-6.90,0,17,57,37,770
1,-4.86,0.55,-6.71,0,17,57,37,845
1,-4.94,0.55,-6.55,0,17,57,37,923
1,-4.94,0.47,-6.63,0,17,57,38,10
1,-4.94,0.55,-6.83,0,17,57,38,79
1,-4.82,0.39,-6.67,0,17,57,38,147
1,-4.90,0.47,-6.47,0,17,57,38,221
1,-4.98,0.47,-6.47,0,17,57,38,289
1,-4.94,0.55,-6.90,0,17,57,38,357
1,-4.94,0.47,-6.75,0,17,57,38,426
1,-5.02,0.51,-6.32,0,17,57,38,493
1,-4.86,0.47,-6.67,0,17,57,38,562
1,-4.90,0.47,-6.67,0,17,57,38,637
1,-4.98,0.47,-6.63,0,17,57,38,706
1,-5.14,0.67,-6.75,0,17,57,38,775
1,-4.94,0.59,-6.75,0,17,57,38,843
1,-4.94,0.35,-6.55,0,17,57,38,913
1,-4.82,0.43,-6.75,0,17,57,38,982
1,-5.02,0.55,-6.51,0,17,57,39,50
1,-4.98,0.51,-6.63,0,17,57,39,120
1,-4.98,0.39,-6.63,0,17,57,39,189
1,-4.94,0.51,-6.79,0,17,57,39,257
1,-4.98,0.51,-6.59,0,17,57,39,330
1,-4.98,0.51,-6.83,0,17,57,39,398
1,-4.98,0.47,-6.55,0,17,57,39,472
1,-4.90,0.24,-6.55,0,17,57,39,543
1,-4.98,0.47,-6.67,0,17,57,39,612
1,-4.98,0.47,-6.75,0,17,57,39,680
1,-5.02,0.43,-6.71,0,17,57,39,750
1,-4.94,0.47,-6.63,0,17,57,39,818
1,-4.94,0.51,-6.63,0,17,57,39,888
1,-4.98,0.43,-6.59,0,17,57,39,965
1,-5.02,0.55,-6.59,0,17,57,40,35
1,-4.98,0.43,-6.67,0,17,57,40,123
1,-4.79,0.39,-6.71,0,17,57,40,221
1,-4.90,0.39,-6.63,0,17,57,40,290
1,-4.94,0.43,-6.67,0,17,57,40,358
1,-4.98,0.63,-6.71,0,17,57,40,430
1,-4.90,0.39,-6.71,0,17,57,40,498
1,-4.94,0.35,-6.55,0,17,57,40,577
1,-4.94,0.47,-6.63,0,17,57,40,646
1,-4.98,0.51,-6.67,0,17,57,40,715
1,-4.94,0.51,-6.67,0,17,57,40,782
1,-4.90,0.47,-6.59,0,17,57,40,852
1,-4.94,0.43,-6.51,0,17,57,40,920
1,-4.98,0.47,-6.79,0,17,57,40,990
1,-4.86,0.55,-6.75,0,17,57,41,59
1,-4.86,0.47,-6.79,0,17,57,41,126
1,-4.86,0.43,-6.71,0,17,57,41,196
1,-4.94,0.55,-6.43,0,17,57,41,268
1,-4.98,0.47,-6.63,0,17,57,41,336
1,-4.98,0.55,-6.67,0,17,57,41,405
1,-4.94,0.59,-6.63,0,17,57,41,473
1,-4.98,0.47,-6.55,0,17,57,41,542
1,-4.94,0.55,-6.59,0,17,57,41,611
1,-4.98,0.51,-6.59,0,17,57,41,680
1,-4.98,0.51,-6.67,0,17,57,41,749
1,-4.94,0.35,-6.43,0,17,57,41,818
1,-4.90,0.27,-6.47,0,17,57,41,889
1,-4.94,0.47,-6.63,0,17,57,41,959
1,-4.79,0.39,-7.06,0,17,57,42,30
1,-4.94,0.55,-6.75,0,17,57,42,99
1,-4.98,0.35,-6.43,0,17,57,42,172
1,-4.90,0.55,-6.67,0,17,57,42,240
1,-4.94,0.47,-6.79,0,17,57,42,308
1,-4.94,0.51,-6.71,0,17,57,42,378
1,-4.90,0.43,-6.67,0,17,57,42,445
1,-4.94,0.39,-6.55,0,17,57,42,515
1,-4.90,0.55,-6.75,0,17,57,42,583
1,-4.98,0.51,-6.63,0,17,57,42,651
1,-5.02,0.43,-6.39,0,17,57,42,719
1,-4.86,0.59,-7.02,0,17,57,42,788
1,-4.86,0.51,-6.98,0,17,57,42,857
1,-4.94,0.59,-6.55,0,17,57,42,925
1,-4.90,0.59,-6.51,0,17,57,42,994
1,-4.86,0.51,-6.71,0,17,57,43,62
1,-4.98,0.47,-6.67,0,17,57,43,135
1,-4.94,0.59,-6.67,0,17,57,43,203
1,-4.90,0.51,-6.59,0,17,57,43,273
1,-4.86,0.47,-6.67,0,17,57,43,342
1,-4.86,0.51,-6.67,0,17,57,43,414
1,-4.90,0.59,-6.71,0,17,57,43,483
1,-4.94,0.51,-6.63,0,17,57,43,551
1,-4.82,0.47,-6.71,0,17,57,43,622
1,-4.94,0.47,-6.63,0,17,57,43,692
1,-4.98,0.55,-6.63,0,17,57,43,761
1,-4.86,0.51,-6.71,0,17,57,43,830
1,-4.86,0.51,-6.75,0,17,57,43,899
1,-4.94,0.39,-6.63,0,17,57,43,968
1,-4.90,0.51,-6.71,0,17,57,44,40
1,-4.86,0.55,-6.83,0,17,57,44,109
1,-4.94,0.51,-6.67,0,17,57,44,178
1,-4.94,0.47,-6.63,0,17,57,44,248
1,-4.90,0.55,-6.59,0,17,57,44,317
1,-4.82,0.59,-6.67,0,17,57,44,385
1,-4.90,0.47,-6.63,0,17,57,44,452
1,-4.82,0.47,-6.63,0,17,57,44,520
1,-4.98,0.55,-6.75,0,17,57,44,588
1,-4.94,0.47,-6.63,0,17,57,44,656
1,-4.90,0.51,-6.67,0,17,57,44,726
1,-4.94,0.47,-6.63,0,17,57,44,794
1,-4.94,0.51,-6.55,0,17,57,44,865
1,-4.94,0.55,-6.67,0,17,57,44,935
1,-4.98,0.51,-6.67,0,17,57,45,5
1,-4.86,0.47,-6.63,0,17,57,45,75
1,-4.94,0.47,-6.59,0,17,57,45,143
1,-4.94,0.27,-6.75,0,17,57,45,212
1,-4.98,0.39,-6.55,0,17,57,45,280
1,-4.94,0.43,-6.67,0,17,57,45,348
1,-4.94,0.67,-6.71,0,17,57,45,417
1,-5.02,0.51,-6.59,0,17,57,45,486
1,-4.94,0.51,-6.71,0,17,57,45,555
1,-4.94,0.47,-6.67,0,17,57,45,623
1,-4.94,0.47,-6.79,0,17,57,45,691
1,-4.98,0.47,-6.59,0,17,57,45,759
1,-4.94,0.35,-6.63,0,17,57,45,830
1,-4.98,0.43,-6.67,0,17,57,45,898
1,-4.94,0.47,-6.59,0,17,57,45,966
1,-4.98,0.43,-6.63,0,17,57,46,34
1,-4.94,0.51,-6.71,0,17,57,46,101
1,-4.98,0.47,-6.59,0,17,57,46,172
1,-5.02,0.59,-6.59,0,17,57,46,241
1,-4.90,0.43,-6.63,0,17,57,46,308
1,-4.90,0.43,-6.67,0,17,57,46,376
1,-4.98,0.51,-6.63,0,17,57,46,444
1,-4.94,0.47,-6.63,0,17,57,46,513
1,-4.98,0.51,-6.55,0,17,57,46,582
1,-4.98,0.55,-6.63,0,17,57,46,650
1,-4.98,0.43,-6.59,0,17,57,46,718
1,-4.98,0.59,-6.51,0,17,57,46,786
1,-4.94,0.51,-6.75,0,17,57,46,855
1,-4.90,0.55,-6.67,0,17,57,46,924
1,-4.90,0.39,-6.55,0,17,57,46,993
1,-5.02,0.63,-6.63,0,17,57,47,62
1,-4.94,0.63,-6.71,0,17,57,47,131
1,-5.02,0.55,-6.63,0,17,57,47,199
1,-4.86,0.51,-6.67,0,17,57,47,267
1,-4.98,0.35,-6.75,0,17,57,47,335
1,-4.90,0.47,-6.67,0,17,57,47,403
1,-4.94,0.51,-6.51,0,17,57,47,470
1,-4.94,0.51,-6.59,0,17,57,47,539
1,-5.02,0.55,-6.63,0,17,57,47,610
1,-4.98,0.31,-6.59,0,17,57,47,681
1,-4.94,0.43,-6.59,0,17,57,47,749
1,-5.02,0.43,-6.59,0,17,57,47,817
1,-4.94,0.47,-6.63,0,17,57,47,884
1,-4.94,0.47,-6.75,0,17,57,47,953
1,-4.98,0.47,-6.67,0,17,57,48,21
1,-4.94,0.43,-6.67,0,17,57,48,90
1,-4.94,0.43,-6.71,0,17,57,48,172
1,-4.94,0.47,-6.79,0,17,57,48,241
1,-4.86,0.51,-6.71,0,17,57,48,311
1,-4.90,0.59,-6.71,0,17,57,48,382
1,-4.94,0.39,-6.67,0,17,57,48,450
1,-4.86,0.47,-6.71,0,17,57,48,520
1,-4.90,0.59,-6.83,0,17,57,48,589
1,-4.94,0.47,-6.51,0,17,57,48,658
1,-4.98,0.43,-6.67,0,17,57,48,727
1,-4.98,0.55,-6.79,0,17,57,48,795
1,-4.86,0.63,-6.63,0,17,57,48,863
1,-4.75,0.20,-6.59,0,17,57,48,932
1,-4.94,0.47,-6.63,0,17,57,49,1
1,-5.33,-0.31,-5.30,0,17,57,49,70
1,-4.90,1.33,-6.47,0,17,57,49,138
1,-5.37,0.35,-6.51,0,17,57,49,208
1,-5.10,1.02,-6.47,0,17,57,49,276
1,-5.06,0.47,-6.71,0,17,57,49,344
1,-5.02,0.75,-6.47,0,17,57,49,414
1,-5.33,1.88,-7.02,0,17,57,49,482
1,-4.31,0.51,-5.33,0,17,57,49,551
1,-5.96,0.55,-6.71,0,17,57,49,626
1,-5.30,1.96,-5.02,0,17,57,49,696
1,-5.92,2.35,-4.90,0,17,57,49,764
1,-5.33,2.82,-7.88,0,17,57,49,833
1,-4.79,1.41,-6.35,0,17,57,49,901
1,-4.98,0.94,-6.94,0,17,57,49,972
1,-5.10,0.78,-8.67,0,17,57,50,41
1,-5.49,0.47,-8.43,0,17,57,50,109
1,-6.79,2.75,-7.69,0,17,57,50,180
1,-5.10,1.88,-7.49,0,17,57,50,248
1,-3.37,2.20,-7.69,0,17,57,50,317
1,-3.37,1.57,-6.55,0,17,57,50,386
1,-1.84,2.43,-6.86,0,17,57,50,454
1,-1.73,2.35,-7.57,0,17,57,50,524
1,-0.75,1.88,-7.61,0,17,57,50,599
1,-0.16,2.59,-6.35,0,17,57,50,670
1,-1.33,1.80,-8.32,0,17,57,50,739
1,-1.73,0.86,-7.18,0,17,57,50,807
1,-2.67,1.29,-7.45,0,17,57,50,879
1,-2.82,1.84,-7.14,0,17,57,50,956
1,-3.06,0.47,-7.92,0,17,57,51,25
1,-2.35,0.94,-7.30,0,17,57,51,94
1,-2.59,1.41,-7.02,0,17,57,51,161
1,-2.04,2.51,-7.45,0,17,57,51,230
1,-3.57,2.00,-8.00,0,17,57,51,299
1,-4.28,1.33,-7.85,0,17,57,51,368
1,-3.88,1.06,-8.04,0,17,57,51,436
1,-5.53,2.28,-6.75,0,17,57,51,504
1,-6.16,-1.29,-6.86,0,17,57,51,573
1,-4.12,-5.30,-8.90,0,17,57,51,651
1,-4.86,-4.28,-6.39,0,17,57,51,721
1,-1.73,-4.86,-6.63,0,17,57,51,791
1,-0.12,-3.92,-5.45,0,17,57,51,858
1,-0.47,-4.47,-5.26,0,17,57,51,928
1,1.10,-3.18,-5.88,0,17,57,51,996
1,-1.14,-2.55,-5.14,0,17,57,52,65
1,-0.43,-3.33,-6.32,0,17,57,52,138
1,-1.33,-2.20,-8.67,0,17,57,52,206
1,-1.37,-2.00,-8.43,0,17,57,52,277
1,-2.16,-1.80,-8.39,0,17,57,52,345
1,-2.31,-1.69,-8.04,0,17,57,52,414
1,-2.94,-2.12,-7.88,0,17,57,52,483

