1,-2.90,1.37,-7.26,0,16,56,18,662
1,-3.69,1.45,-7.37,0,16,56,19,732
1,-3.30,1.10,-7.41,0,16,56,20,807
1,-3.02,1.37,-7.41,0,16,56,21,880
1,-3.45,1.18,-7.57,0,16,56,22,948
1,-3.30,0.78,-7.34,0,16,56,23,16
1,-3.65,1.26,-7.49,0,16,56,24,85
1,-3.02,1.02,-6.94,0,16,56,25,153
1,-3.45,1.02,-7.61,0,16,56,26,223
1,-3.57,1.22,-7.45,0,16,56,27,292
1,-3.88,1.22,-7.02,0,16,56,28,373
1,-3.61,2.59,-7.57,0,16,56,29,441
1,-2.82,-0.55,-7.57,0,16,56,30,512
1,-4.04,2.20,-5.69,0,16,56,31,581
1,-4.08,1.14,-7.73,0,16,56,32,649
1,-4.39,0.82,-7.45,0,16,56,33,720
1,-4.51,0.24,-6.83,0,16,56,34,789
1,-3.65,-0.24,-7.10,0,16,56,35,860
1,-4.59,-0.67,-6.08,0,16,56,36,930
1,-4.24,0.31,-6.98,0,16,56,37,2
1,-4.35,0.08,-7.65,0,16,56,38,78
1,-4.39,1.02,-6.08,0,16,56,39,147
1,-4.82,0.27,-6.71,0,16,56,40,216
1,-3.53,0.35,-7.30,0,16,56,41,286
1,-3.49,0.63,-7.06,0,16,56,42,354
1,-4.43,-0.39,-8.20,0,16,56,43,423
1,-4.08,0.39,-6.55,0,16,56,44,491
1,-4.43,0.27,-8.08,0,16,56,45,559
1,-4.08,-0.43,-6.94,0,16,56,46,629
1,-4.39,0.47,-6.94,0,16,56,47,708
1,-5.02,0.04,-6.67,0,16,56,48,775
1,-4.59,-0.43,-7.02,0,16,56,49,844
1,-4.79,0.59,-4.59,0,16,56,50,911
1,-4.82,0.00,-6.71,0,16,56,51,981
1,-4.35,0.24,-7.14,0,16,56,52,49
1,-4.43,0.98,-6.75,0,16,56,53,127
1,-4.59,-0.90,-6.75,0,16,56,54,196
1,-4.04,0.12,-6.90,0,16,56,55,266
1,-3.88,0.43,-6.63,0,16,56,56,337
1,-4.82,0.55,-7.41,0,16,56,57,406
1,-3.30,0.55,-7.37,0,16,56,58,482
1,-2.94,-0.12,-5.77,0,16,56,59,550
1,-5.18,0.63,-8.63,0,16,57,0,620
1,-3.06,-1.49,-7.53,0,16,57,1,690
1,-2.79,1.61,-7.81,0,16,57,2,759
1,-2.71,-2.35,-7.45,0,16,57,3,829
1,-2.63,1.53,-7.41,0,16,57,4,897
1,-1.61,1.22,-7.77,0,16,57,5,965
1,-1.69,0.08,-8.63,0,16,57,6,34
1,-1.57,1.37,-7.41,0,16,57,7,135
1,-1.37,0.12,-7.69,0,16,57,8,203
1,-1.33,1.14,-8.12,0,16,57,9,272
1,-2.39,0.00,-7.85,0,16,57,10,339
1,-1.77,0.08,-7.88,0,16,57,11,408
1,-2.39,0.59,-7.81,0,16,57,12,476
1,-1.96,2.12,-7.81,0,16,57,13,544
1,-2.39,-0.67,-7.26,0,16,57,14,613
1,-1.84,1.65,-7.49,0,16,57,15,684
1,-2.20,0.43,-7.22,0,16,57,16,754
1,-2.28,0.90,-9.69,0,16,57,17,821
1,-2.08,-0.78,-7.57,0,16,57,18,893
1,-2.79,2.04,-8.04,0,16,57,19,963
1,-1.33,0.55,-7.77,0,16,57,20,34
1,-1.53,0.35,-8.63,0,16,57,21,105
1,-2.28,-1.73,-7.96,0,16,57,22,174
1,-2.43,1.84,-7.57,0,16,57,23,244
1,-3.18,-1.69,-7.41,0,16,57,24,314
1,-3.26,0.55,-7.34,0,16,57,25,386
1,-3.80,-0.47,-6.79,0,16,57,26,454
1,-3.65,-0.08,-7.22,0,16,57,27,523
1,-4.59,-0.39,-6.98,0,16,57,28,594
1,-4.82,0.27,-6.83,0,16,57,29,664
1,-4.67,-0.47,-6.98,0,16,57,30,732
1,-5.10,0.43,-6.98,0,16,57,31,802
1,-5.02,0.04,-6.55,0,16,57,32,871
1,-4.86,0.47,-6.79,0,16,57,33,941
1,-5.49,0.08,-6.51,0,16,57,34,11
1,-5.41,0.71,-6.75,0,16,57,35,79
1,-6.39,-0.94,-6.08,0,16,57,36,151
1,-5.57,0.98,-5.84,0,16,57,37,224
1,-5.88,0.98,-6.12,0,16,57,38,293
1,-6.32,0.67,-5.96,0,16,57,39,364
1,-6.43,0.27,-5.53,0,16,57,40,432
1,-6.35,-0.27,-6.28,0,16,57,41,502
1,-7.37,-0.98,-4.86,0,16,57,42,667
1,-7.37,-1.26,-4.31,0,16,57,43,844
1,-7.65,0.94,-3.26,0,16,57,44,993
1,-7.45,0.98,-5.06,0,16,57,45,163
1,-7.81,3.02,-4.16,0,16,57,46,246
1,-7.69,1.57,-4.67,0,16,57,47,315
1,-7.92,2.28,-4.75,0,16,57,48,524
1,-7.57,1.88,-4.24,0,16,57,49,694
1,-7.49,1.84,-5.02,0,16,57,50,868
1,-7.22,0.86,-5.73,0,16,57,51,938
1,-6.63,0.39,-5.84,0,16,57,52,101
1,-5.84,-0.47,-5.57,0,16,57,53,169
1,-5.77,-0.59,-6.04,0,16,57,54,237
1,-5.33,-1.06,-6.47,0,16,57,55,313
1,-5.14,-2.08,-7.49,0,16,57,56,383
1,-4.71,-1.33,-6.39,0,16,57,57,452
1,-4.94,-0.82,-6.32,0,16,57,58,524
1,-4.39,-1.45,-6.59,0,16,57,59,604
1,-5.18,-1.45,-6.51,0,16,58,0,671
1,-5.02,-0.20,-6.35,0,16,58,1,740
1,-4.39,-0.16,-6.35,0,16,58,2,812
1,-5.06,-0.16,-6.39,0,16,58,3,882
1,-5.02,0.24,-6.63,0,16,58,4,954
1,-4.82,0.59,-7.02,0,16,58,5,24
1,-4.59,0.63,-7.06,0,16,58,6,92
1,-4.39,0.90,-7.41,0,16,58,7,161
1,-4.16,0.71,-7.45,0,16,58,8,230
1,-4.08,1.02,-6.28,0,16,58,9,299
1,-4.20,0.00,-6.94,0,16,58,10,367
1,-4.79,0.63,-6.24,0,16,58,11,438
1,-5.10,0.59,-6.43,0,16,58,12,508
1,-5.10,0.51,-7.06,0,16,58,13,577
1,-4.94,0.51,-6.20,0,16,58,14,646
1,-4.71,0.00,-6.86,0,16,58,15,715
1,-4.98,-0.63,-7.45,0,16,58,16,782
1,-3.73,-1.84,-7.49,0,16,58,17,849
1,-4.59,-0.04,-7.22,0,16,58,18,920
1,-4.59,-1.73,-6.94,0,16,58,19,988
1,-4.24,0.51,-6.24,0,16,58,20,56
1,-4.35,-0.04,-6.67,0,16,58,21,125
1,-4.51,-0.51,-7.22,0,16,58,22,193
1,-4.28,-0.20,-6.75,0,16,58,23,262
1,-4.28,0.04,-6.86,0,16,58,24,342
1,-4.12,-0.04,-7.02,0,16,58,25,410
1,-4.43,0.08,-7.30,0,16,58,26,479
1,-4.16,0.39,-6.55,0,16,58,27,550
1,-4.28,-0.04,-6.98,0,16,58,28,618
1,-4.08,0.12,-7.10,0,16,58,29,688
1,-4.51,0.04,-7.02,0,16,58,30,759
1,-4.51,0.51,-6.47,0,16,58,31,830
1,-4.67,0.04,-6.79,0,16,58,32,899
1,-4.47,-0.04,-6.71,0,16,58,33,969
1,-4.28,-1.10,-6.63,0,16,58,34,41
1,-4.08,-2.59,-6.43,0,16,58,35,136
1,-3.30,-1.22,-6.63,0,16,58,36,207
1,-5.14,-2.59,-6.47,0,16,58,37,278
1,-4.55,-1.26,-6.16,0,16,58,38,347
1,-4.98,-2.28,-6.35,0,16,58,39,415
1,-5.18,-1.61,-6.86,0,16,58,40,486
1,-5.69,-2.59,-7.61,0,16,58,41,565
1,-6.00,-0.98,-5.88,0,16,58,42,634
1,-6.75,-0.20,-6.04,0,16,58,43,707
1,-6.39,0.24,-5.53,0,16,58,44,782
1,-6.55,0.98,-5.10,0,16,58,45,851
1,-6.75,-0.16,-5.41,0,16,58,46,924
1,-6.59,0.27,-5.14,0,16,58,47,992
1,-6.79,-0.35,-4.75,0,16,58,48,88
1,-7.22,-0.59,-5.06,0,16,58,49,161
1,-7.34,0.47,-4.90,0,16,58,50,235
1,-8.12,0.90,-4.82,0,16,58,51,307
1,-8.20,0.24,-5.88,0,16,58,52,377
1,-7.45,0.08,-5.41,0,16,58,53,447
1,-7.34,-0.82,-6.20,0,16,58,54,518
1,-6.35,1.06,-5.22,0,16,58,55,592
1,-6.28,-0.75,-4.79,0,16,58,56,660
1,-6.47,-0.24,-3.37,0,16,58,57,731
1,-7.02,-0.82,-3.88,0,16,58,58,800
1,-7.45,-0.04,-4.75,0,16,58,59,870
1,-7.73,0.82,-4.90,0,16,59,0,940
1,-8.20,-0.20,-5.69,0,16,59,1,16
1,-7.96,0.90,-7.37,0,16,59,2,91
1,-7.41,1.14,-4.00,0,16,59,3,160
1,-7.14,-0.98,-4.94,0,16,59,4,238
1,-6.28,0.08,-4.71,0,16,59,5,306
1,-5.92,0.00,-3.06,0,16,59,6,375
1,-7.41,-0.08,-3.84,0,16,59,7,445
1,-8.51,-1.10,-5.45,0,16,59,8,517
1,-8.39,-1.37,-6.28,0,16,59,9,606
1,-6.75,-2.28,-5.49,0,16,59,10,684
1,-5.22,-1.10,-5.57,0,16,59,11,756
1,-4.98,-0.63,-5.22,0,16,59,12,826
1,-5.73,0.16,-4.82,0,16,59,13,901
1,-5.65,0.35,-4.94,0,16,59,14,971
1,-6.12,0.78,-5.22,0,16,59,15,40
1,-6.94,1.29,-6.51,0,16,59,16,110
1,-6.98,0.82,-6.67,0,16,59,17,183
1,-6.59,0.67,-7.85,0,16,59,18,253
1,-5.18,2.12,-5.30,0,16,59,19,322
1,-5.06,-0.51,-5.18,0,16,59,20,415
1,-4.94,0.04,-4.82,0,16,59,21,487
1,-5.61,0.00,-5.53,0,16,59,22,577
1,-6.00,-0.39,-6.83,0,16,59,23,648
1,-6.98,-1.18,-7.61,0,16,59,24,716
1,-5.77,-2.67,-7.96,0,16,59,25,792
1,-4.82,-2.00,-5.96,0,16,59,26,861
1,-4.67,-1.49,-5.84,0,16,59,27,930
1,-5.10,-0.39,-4.59,0,16,59,28,998
1,-5.57,-0.08,-4.63,0,16,59,29,74
1,-6.24,-0.55,-5.73,0,16,59,30,143
1,-6.71,-0.55,-7.30,0,16,59,31,237
1,-6.86,0.82,-6.00,0,16,59,32,306
1,-6.55,-0.20,-7.57,0,16,59,33,377
1,-6.28,1.61,-5.53,0,16,59,34,448
1,-6.00,-0.82,-5.57,0,16,59,35,516
1,-5.73,-0.71,-4.98,0,16,59,36,586
1,-5.92,-0.39,-3.69,0,16,59,37,655
1,-6.59,-0.94,-5.18,0,16,59,38,724
1,-6.90,-0.71,-5.37,0,16,59,39,794
1,-7.18,-2.24,-6.94,0,16,59,40,862
1,-6.28,-2.39,-6.32,0,16,59,41,933
1,-5.73,-2.82,-6.59,0,16,59,42,7
1,-5.30,-2.90,-5.73,0,16,59,43,82
1,-5.41,-1.02,-3.57,0,16,59,44,154
1,-6.16,-1.41,-4.59,0,16,59,45,223
1,-7.10,-1.22,-5.02,0,16,59,46,291
1,-7.37,-0.16,-5.18,0,16,59,47,361
1,-7.41,0.08,-6.83,0,16,59,48,428
1,-8.12,1.14,-5.14,0,16,59,49,497
1,-6.51,0.78,-6.35,0,16,59,50,281
1,-5.33,-0.35,-5.30,0,16,59,51,351
1,-5.33,-0.59,-5.81,0,16,59,52,419
1,-5.22,0.00,-6.32,0,16,59,53,491
1,-5.10,0.24,-5.96,0,16,59,54,563
1,-5.45,0.31,-6.28,0,16,59,55,634
1,-5.57,0.47,-6.67,0,16,59,56,704
1,-5.37,0.82,-6.71,0,16,59,57,777
1,-5.77,1.69,-6.55,0,16,59,58,846
1,-4.90,1.45,-7.49,0,16,59,59,917
1,-4.98,1.57,-6.59,0,17,0,0,997
1,-4.43,1.77,-6.94,0,17,0,1,66
1,-4.39,1.18,-7.30,0,17,0,2,134
1,-4.28,1.37,-6.08,0,17,0,3,204
1,-4.31,1.41,-6.67,0,17,0,4,278
1,-4.98,1.22,-6.75,0,17,0,5,346
1,-4.94,1.18,-6.79,0,17,0,6,416
1,-4.86,0.67,-6.75,0,17,0,7,484
1,-5.10,0.24,-6.59,0,17,0,8,554
1,-5.14,-0.20,-7.34,0,17,0,9,630
1,-4.90,-0.75,-6.83,0,17,0,10,700
1,-4.75,-0.59,-6.39,0,17,0,11,825
1,-4.43,-0.24,-6.86,0,17,0,12,907
1,-4.51,-0.51,-6.83,0,17,0,13,984
1,-4.59,-0.51,-7.06,0,17,0,14,70
1,-4.51,-0.39,-7.26,0,17,0,15,151
1,-4.47,-0.08,-6.94,0,17,0,16,227
1,-4.59,0.43,-7.02,0,17,0,17,309
1,-4.55,0.90,-6.63,0,17,0,18,396
1,-4.47,0.75,-6.67,0,17,0,19,487
1,-4.51,1.02,-6.59,0,17,0,20,564
1,-4.67,0.98,-6.94,0,17,0,21,657
1,-4.67,1.10,-6.98,0,17,0,22,727
1,-4.55,1.22,-6.63,0,17,0,23,798
1,-4.63,1.18,-6.75,0,17,0,24,873
1,-4.75,1.33,-6.86,0,17,0,25,943
1,-4.63,1.18,-6.79,0,17,0,26,12
1,-4.67,0.78,-6.94,0,17,0,27,83
1,-4.82,0.67,-6.94,0,17,0,28,151
1,-5.14,0.39,-6.59,0,17,0,29,254
1,-5.14,0.08,-6.12,0,17,0,30,325
1,-5.14,1.22,-6.04,0,17,0,31,395
1,-5.06,0.47,-6.94,0,17,0,32,464
1,-5.02,0.94,-6.43,0,17,0,33,534
1,-5.30,0.71,-6.79,0,17,0,34,605
1,-5.22,0.59,-6.55,0,17,0,35,677
1,-5.18,0.67,-6.39,0,17,0,36,748
1,-5.26,0.63,-6.32,0,17,0,37,821
1,-5.41,0.47,-6.35,0,17,0,38,891
1,-5.53,0.78,-6.59,0,17,0,39,970
1,-5.88,0.31,-6.04,0,17,0,40,38
1,-5.53,0.47,-6.24,0,17,0,41,106
1,-5.84,0.39,-6.32,0,17,0,42,176
1,-5.96,0.43,-5.96,0,17,0,43,247
1,-5.73,0.55,-6.08,0,17,0,44,317
1,-5.61,0.78,-6.04,0,17,0,45,388
1,-5.69,0.75,-6.24,0,17,0,46,457
1,-5.61,0.98,-6.43,0,17,0,47,529
1,-5.88,0.63,-6.00,0,17,0,48,598
1,-5.41,0.98,-6.04,0,17,0,49,669
1,-5.53,0.94,-6.16,0,17,0,50,738
1,-5.49,0.98,-6.24,0,17,0,51,806
1,-5.57,0.78,-6.43,0,17,0,52,875
1,-5.53,0.90,-6.39,0,17,0,53,944
1,-5.57,0.71,-6.35,0,17,0,54,13
1,-5.57,0.78,-6.28,0,17,0,55,90
1,-5.61,0.94,-6.16,0,17,0,56,159
1,-5.65,0.71,-6.32,0,17,0,57,227
1,-5.73,0.67,-6.28,0,17,0,58,295
1,-6.00,0.94,-6.28,0,17,0,59,365
1,-6.16,0.67,-6.28,0,17,1,0,434
1,-6.28,0.59,-5.84,0,17,1,1,504
1,-6.63,0.59,-6.00,0,17,1,2,574
1,-6.94,0.12,-5.10,0,17,1,3,645
1,-6.94,0.51,-5.57,0,17,1,4,716
1,-7.26,0.31,-5.22,0,17,1,5,806
1,-7.45,0.51,-4.79,0,17,1,6,878
1,-7.57,0.55,-4.75,0,17,1,7,969
1,-7.49,0.67,-4.24,0,17,1,8,45
1,-7.57,1.26,-4.24,0,17,1,9,117
1,-7.49,1.02,-3.69,0,17,1,10,190
1,-7.57,1.06,-3.84,0,17,1,11,261
1,-7.69,1.14,-3.80,0,17,1,12,336
1,-8.32,0.78,-3.49,0,17,1,13,410
1,-7.69,1.61,-3.92,0,17,1,14,482
1,-8.43,0.82,-3.69,0,17,1,15,562
1,-8.39,1.29,-3.80,0,17,1,16,633
1,-8.08,1.14,-3.84,0,17,1,17,703
1,-7.92,1.06,-3.22,0,17,1,18,771
1,-8.20,0.86,-3.22,0,17,1,19,846
1,-8.59,0.78,-3.45,0,17,1,20,923
1,-8.36,0.86,-3.69,0,17,1,21,996
1,-8.51,0.55,-3.30,0,17,1,22,63
1,-8.32,1.06,-3.14,0,17,1,23,132
1,-8.28,0.98,-3.49,0,17,1,24,204
1,-8.36,0.90,-3.49,0,17,1,25,273
1,-8.39,0.86,-3.45,0,17,1,26,346
1,-8.39,0.86,-3.45,0,17,1,27,415
1,-8.43,0.82,-3.45,0,17,1,28,486
1,-8.47,0.86,-3.77,0,17,1,29,561
1,-8.12,-0.47,-0.90,0,17,1,30,631
1,-8.32,0.35,-3.41,0,17,1,31,700
1,-8.67,0.43,-3.22,0,17,1,32,768
1,-8.47,0.55,-3.69,0,17,1,33,842
1,-8.47,0.63,-3.45,0,17,1,34,912
1,-8.51,0.94,-3.37,0,17,1,35,980
1,-8.36,0.94,-3.14,0,17,1,36,51
1,-8.36,1.06,-3.33,0,17,1,37,120
1,-8.39,1.10,-3.65,0,17,1,38,192
1,-8.36,1.10,-3.49,0,17,1,39,262
1,-8.32,1.02,-3.30,0,17,1,40,340
1,-8.43,1.06,-3.37,0,17,1,41,409
1,-8.24,1.29,-3.57,0,17,1,42,478
1,-8.32,1.22,-3.57,0,17,1,43,551
1,-8.47,1.18,-3.49,0,17,1,44,621
1,-8.12,1.41,-3.45,0,17,1,45,691
1,-8.28,1.37,-3.53,0,17,1,46,759
1,-8.32,1.22,-3.53,0,17,1,47,827
1,-8.36,1.29,-3.49,0,17,1,48,895
1,-8.36,1.33,-3.69,0,17,1,49,967
1,-8.24,1.22,-3.53,0,17,1,50,38
1,-8.24,1.37,-3.53,0,17,1,51,110
1,-8.36,1.18,-3.53,0,17,1,52,180
1,-8.28,1.33,-3.57,0,17,1,53,248
1,-8.28,1.26,-3.41,0,17,1,54,324
1,-8.12,1.26,-3.41,0,17,1,55,393
1,-8.20,1.22,-3.37,0,17,1,56,463
1,-8.36,1.26,-3.57,0,17,1,57,534
1,-8.32,1.26,-3.61,0,17,1,58,631
1,-8.36,1.33,-3.69,0,17,1,59,700
1,-8.20,1.22,-3.80,0,17,2,0,769
1,-8.24,1.26,-3.69,0,17,2,1,836
1,-8.24,1.26,-3.80,0,17,2,2,906
1,-8.24,1.22,-3.45,0,17,2,3,993
1,-8.28,1.18,-3.65,0,17,2,4,65
1,-8.24,1.33,-3.69,0,17,2,5,134
1,-8.08,1.10,-3.61,0,17,2,6,203
1,-8.39,1.22,-3.65,0,17,2,7,273
1,-8.28,1.18,-3.73,0,17,2,8,351
1,-8.16,1.49,-3.80,0,17,2,9,421
1,-8.08,1.33,-3.53,0,17,2,10,492
1,-8.12,1.29,-3.45,0,17,2,11,565
1,-8.24,1.18,-3.73,0,17,2,12,633
1,-8.32,1.14,-3.69,0,17,2,13,701
1,-8.20,1.22,-3.65,0,17,2,14,771
1,-8.04,1.18,-3.57,0,17,2,15,846
1,-8.20,1.26,-3.65,0,17,2,16,915
1,-8.28,1.18,-3.77,0,17,2,17,983
1,-8.12,1.22,-3.96,0,17,2,18,56
1,-8.16,1.29,-3.61,0,17,2,19,125
1,-8.24,1.18,-3.65,0,17,2,20,195
1,-8.04,1.26,-3.77,0,17,2,21,263
1,-8.08,1.29,-3.88,0,17,2,22,340
1,-8.12,1.26,-3.65,0,17,2,23,409
1,-8.28,1.06,-3.80,0,17,2,24,484
1,-8.08,1.06,-3.77,0,17,2,25,555
1,-8.08,1.22,-3.77,0,17,2,26,623
1,-8.20,1.18,-3.73,0,17,2,27,692
1,-8.08,1.26,-3.80,0,17,2,28,766
1,-7.88,1.26,-4.00,0,17,2,29,836
1,-8.04,1.37,-3.77,0,17,2,30,906
1,-8.08,1.14,-3.77,0,17,2,31,974
1,-8.16,1.33,-3.61,0,17,2,32,43
1,-8.04,1.45,-4.00,0,17,2,33,111
1,-8.12,1.22,-3.84,0,17,2,34,182
1,-8.08,1.29,-3.69,0,17,2,35,250
1,-8.08,1.45,-3.69,0,17,2,36,321
1,-8.12,1.37,-3.96,0,17,2,37,395
1,-8.04,1.33,-3.73,0,17,2,38,463
1,-8.04,1.37,-3.77,0,17,2,39,544
1,-8.16,1.29,-3.88,0,17,2,40,613
1,-8.08,1.45,-3.88,0,17,2,41,682
1,-8.04,1.37,-3.77,0,17,2,42,759
1,-8.16,1.33,-3.88,0,17,2,43,828
1,-8.08,1.33,-3.84,0,17,2,44,897
1,-8.00,1.37,-3.80,0,17,2,45,965
1,-8.04,1.29,-3.80,0,17,2,46,35
1,-8.04,1.26,-3.88,0,17,2,47,106
1,-8.04,1.37,-4.00,0,17,2,48,174
1,-8.16,1.29,-3.92,0,17,2,49,243
1,-8.16,1.37,-3.84,0,17,2,50,314
1,-8.00,1.26,-4.20,0,17,2,51,387
1,-7.81,1.37,-3.80,0,17,2,52,456
1,-7.96,1.10,-3.84,0,17,2,53,528
1,-8.04,0.94,-4.31,0,17,2,54,597
1,-7.92,1.10,-4.28,0,17,2,55,666
1,-8.16,1.18,-3.77,0,17,2,56,737
1,-8.24,1.06,-3.92,0,17,2,57,807
1,-8.00,1.06,-3.80,0,17,2,58,882
1,-8.08,1.02,-3.61,0,17,2,59,954
1,-8.12,1.18,-3.57,0,17,3,0,22
1,-8.16,1.14,-3.73,0,17,3,1,100
1,-8.24,1.14,-3.69,0,17,3,2,169
1,-8.20,1.18,-3.80,0,17,3,3,243
1,-8.12,1.06,-3.92,0,17,3,4,315
1,-8.12,1.22,-3.65,0,17,3,5,384
1,-8.12,1.14,-3.92,0,17,3,6,455
1,-8.04,1.14,-3.77,0,17,3,7,525
1,-8.08,1.06,-3.96,0,17,3,8,593
1,-8.12,1.22,-3.92,0,17,3,9,662
1,-8.16,1.10,-3.84,0,17,3,10,735
1,-7.92,1.10,-3.77,0,17,3,11,806
1,-7.85,1.18,-3.84,0,17,3,12,876
1,-7.92,1.10,-4.00,0,17,3,13,971
1,-8.12,1.06,-3.88,0,17,3,14,44
1,-7.96,1.06,-4.08,0,17,3,15,114
1,-8.12,1.10,-3.92,0,17,3,16,203
1,-8.04,1.22,-3.96,0,17,3,17,276
1,-7.96,1.18,-4.12,0,17,3,18,350
1,-7.81,1.26,-3.84,0,17,3,19,421
1,-7.81,1.29,-3.88,0,17,3,20,490
1,-7.96,1.37,-4.16,0,17,3,21,561
1,-7.85,1.84,-4.04,0,17,3,22,631
1,-7.65,1.96,-4.12,0,17,3,23,707
1,-7.45,2.16,-4.20,0,17,3,24,776
1,-7.61,1.73,-4.08,0,17,3,25,845
1,-7.69,1.57,-4.43,0,17,3,26,915
1,-7.69,1.45,-4.79,0,17,3,27,985
1,-7.73,1.06,-4.79,0,17,3,28,58
1,-7.61,0.86,-4.94,0,17,3,29,131
1,-7.57,0.63,-5.02,0,17,3,30,200
1,-7.65,0.24,-4.59,0,17,3,31,268
1,-7.69,0.31,-5.02,0,17,3,32,337
1,-7.49,0.67,-4.51,0,17,3,33,412
1,-7.61,0.47,-4.31,0,17,3,34,483
1,-7.92,0.12,-4.00,0,17,3,35,555
1,-7.77,0.27,-3.96,0,17,3,36,625
1,-7.65,0.94,-4.12,0,17,3,37,695
1,-8.08,0.82,-4.39,0,17,3,38,763
1,-7.73,0.59,-3.88,0,17,3,39,833
1,-7.45,0.67,-3.80,0,17,3,40,902
1,-7.73,0.31,-3.96,0,17,3,41,983
1,-7.65,0.35,-4.51,0,17,3,42,58
1,-7.92,0.24,-4.79,0,17,3,43,744
1,-7.73,1.22,-4.39,0,17,3,44,493
1,-7.69,1.33,-4.24,0,17,3,45,561
1,-7.73,1.29,-4.16,0,17,3,46,631
1,-7.69,1.29,-4.39,0,17,3,47,707
1,-7.77,1.33,-4.35,0,17,3,48,780
1,-7.73,1.37,-4.20,0,17,3,49,847
1,-7.73,1.41,-4.08,0,17,3,50,917
1,-7.88,1.33,-4.28,0,17,3,51,986
1,-7.92,1.26,-4.31,0,17,3,52,54
1,-7.73,1.37,-4.04,0,17,3,53,123
1,-7.88,1.29,-4.28,0,17,3,54,192
1,-7.81,1.37,-4.16,0,17,3,55,273
1,-7.88,1.49,-4.31,0,17,3,56,348
1,-7.61,1.61,-4.16,0,17,3,57,422
1,-7.73,1.45,-4.04,0,17,3,58,491
1,-7.77,1.29,-4.20,0,17,3,59,561
1,-7.85,1.14,-4.20,0,17,4,0,631
1,-7.85,1.06,-4.31,0,17,4,1,701
1,-7.73,1.33,-4.20,0,17,4,2,769
1,-7.77,1.37,-4.12,0,17,4,3,838
1,-7.73,1.33,-4.04,0,17,4,4,906
1,-7.77,1.41,-4.24,0,17,4,5,975
1,-7.73,1.22,-4.31,0,17,4,6,47
1,-7.61,1.10,-3.96,0,17,4,7,121
1,-7.53,0.78,-4.16,0,17,4,8,196
1,-7.65,0.43,-4.71,0,17,4,9,268
1,-7.81,0.27,-4.47,0,17,4,10,338
1,-8.04,0.43,-4.43,0,17,4,11,406
1,-7.96,0.67,-4.63,0,17,4,12,474
1,-7.77,1.02,-4.39,0,17,4,13,544
1,-7.61,1.02,-4.08,0,17,4,14,615
1,-7.61,0.86,-4.16,0,17,4,15,684
1,-7.65,0.86,-4.51,0,17,4,16,753
1,-7.73,0.98,-4.59,0,17,4,17,822
1,-7.65,0.86,-4.55,0,17,4,18,891
1,-7.65,0.82,-4.59,0,17,4,19,970
1,-7.69,0.98,-4.82,0,17,4,20,39
1,-7.61,1.10,-4.28,0,17,4,21,109
1,-7.73,1.06,-4.35,0,17,4,22,183
1,-7.53,1.14,-4.35,0,17,4,23,251
1,-7.73,1.10,-4.04,0,17,4,24,321
1,-7.53,0.82,-4.35,0,17,4,25,389
1,-7.57,1.02,-4.75,0,17,4,26,458
1,-7.57,0.94,-4.55,0,17,4,27,527
1,-7.61,0.82,-4.31,0,17,4,28,599
1,-7.53,0.94,-4.63,0,17,4,29,668
1,-7.53,1.06,-4.43,0,17,4,30,752
1,-7.57,0.94,-4.59,0,17,4,31,821
1,-7.65,0.90,-4.39,0,17,4,32,890
1,-7.61,0.98,-4.82,0,17,4,33,959
1,-7.53,0.86,-4.75,0,17,4,34,30
1,-7.53,0.78,-4.43,0,17,4,35,103
1,-7.61,0.63,-4.47,0,17,4,36,174
1,-7.57,0.75,-4.47,0,17,4,37,244
1,-7.53,0.63,-4.63,0,17,4,38,313
1,-7.57,0.59,-4.63,0,17,4,39,385
1,-7.53,0.75,-4.47,0,17,4,40,468
1,-7.53,0.90,-4.43,0,17,4,41,544
1,-7.53,0.86,-4.51,0,17,4,42,621
1,-7.49,0.71,-4.79,0,17,4,43,757
1,-7.65,0.59,-4.82,0,17,4,44,876
1,-7.61,0.63,-4.63,0,17,4,45,12
1,-7.65,0.71,-4.35,0,17,4,46,125
1,-7.69,0.31,-4.24,0,17,4,47,194
1,-7.57,1.26,-4.24,0,17,4,48,269
1,-7.69,0.20,-5.57,0,17,4,49,340
1,-7.61,0.51,-4.51,0,17,4,50,416
1,-7.45,0.94,-4.20,0,17,4,51,494
1,-7.53,0.98,-4.39,0,17,4,52,562
1,-7.49,0.67,-4.67,0,17,4,53,635
1,-7.53,0.75,-4.43,0,17,4,54,710
1,-7.69,0.67,-4.59,0,17,4,55,782
1,-7.57,0.75,-4.43,0,17,4,56,857
1,-7.57,0.63,-4.39,0,17,4,57,926
1,-7.65,0.86,-4.71,0,17,4,58,0
1,-7.57,0.78,-4.55,0,17,4,59,86
1,-7.57,0.75,-4.43,0,17,5,0,154
1,-7.53,0.86,-4.47,0,17,5,1,223
1,-7.61,0.86,-4.43,0,17,5,2,291
1,-7.61,0.82,-4.47,0,17,5,3,359
1,-7.57,0.86,-4.59,0,17,5,4,437
1,-7.53,0.86,-4.55,0,17,5,5,506
1,-7.53,0.86,-4.67,0,17,5,6,579
1,-7.61,0.86,-4.55,0,17,5,7,647
1,-7.53,0.90,-4.59,0,17,5,8,717
1,-7.57,0.94,-4.51,0,17,5,9,792
1,-7.61,0.90,-4.43,0,17,5,10,861
1,-7.61,0.94,-4.47,0,17,5,11,937
1,-7.53,0.94,-4.59,0,17,5,12,6
1,-7.61,0.90,-4.47,0,17,5,13,74
1,-7.53,1.02,-4.47,0,17,5,14,148
1,-7.57,0.94,-4.47,0,17,5,15,216
1,-7.57,0.98,-4.59,0,17,5,16,286
1,-7.57,0.94,-4.47,0,17,5,17,363
1,-7.57,0.86,-4.39,0,17,5,18,433
1,-7.49,0.75,-4.43,0,17,5,19,504
1,-7.41,0.75,-4.67,0,17,5,20,575
1,-7.53,0.90,-4.67,0,17,5,21,647
1,-7.65,0.59,-4.90,0,17,5,22,722
1,-7.69,0.24,-4.59,0,17,5,23,791
1,-7.61,0.51,-4.31,0,17,5,24,873
1,-7.69,0.43,-4.28,0,17,5,25,943
1,-7.69,0.71,-4.43,0,17,5,26,17
1,-7.69,0.47,-4.51,0,17,5,27,91
1,-7.57,0.51,-4.31,0,17,5,28,161
1,-7.81,0.43,-4.39,0,17,5,29,234
1,-7.61,0.82,-4.31,0,17,5,30,304
1,-7.77,0.71,-4.35,0,17,5,31,380
1,-7.77,0.78,-4.24,0,17,5,32,451
1,-7.81,0.78,-4.20,0,17,5,33,552
1,-7.77,0.78,-4.35,0,17,5,34,645
1,-7.77,0.75,-4.20,0,17,5,35,742
1,-7.69,0.94,-4.16,0,17,5,36,838
1,-7.85,0.82,-4.16,0,17,5,37,936
1,-7.88,0.90,-4.12,0,17,5,38,5
1,-7.85,1.06,-3.84,0,17,5,39,84
1,-8.28,0.94,-4.43,0,17,5,40,154
1,-7.88,1.02,-3.73,0,17,5,41,223
1,-8.16,0.90,-4.43,0,17,5,42,292
1,-7.92,0.94,-3.88,0,17,5,43,362
1,-8.16,0.75,-3.96,0,17,5,44,433
1,-7.92,0.94,-3.88,0,17,5,45,508
1,-8.16,0.78,-4.08,0,17,5,46,580
1,-8.20,0.78,-3.73,0,17,5,47,707
1,-8.12,0.82,-3.61,0,17,5,48,778
1,-8.36,0.90,-3.65,0,17,5,49,861
1,-8.16,0.98,-3.49,0,17,5,50,930
1,-8.20,0.98,-3.53,0,17,5,51,999
1,-8.36,0.98,-3.84,0,17,5,52,77
1,-8.43,0.47,-3.57,0,17,5,53,147
1,-8.32,1.14,-3.49,0,17,5,54,215
1,-8.00,1.49,-3.53,0,17,5,55,282
1,-8.20,1.26,-3.88,0,17,5,56,351
1,-8.43,0.98,-3.73,0,17,5,57,426
1,-8.32,0.98,-3.69,0,17,5,58,498
1,-8.28,1.14,-3.80,0,17,5,59,572
1,-8.08,1.29,-3.65,0,17,6,0,642
1,-7.88,1.45,-3.61,0,17,6,1,711
1,-8.24,1.22,-3.26,0,17,6,2,782
1,-8.36,1.06,-3.84,0,17,6,3,850
1,-8.24,1.18,-3.53,0,17,6,4,919
1,-8.20,1.18,-3.61,0,17,6,5,1
1,-8.32,1.26,-3.57,0,17,6,6,79
1,-8.32,1.10,-3.41,0,17,6,7,149
1,-8.20,1.29,-3.57,0,17,6,8,222
1,-8.32,1.29,-3.92,0,17,6,9,301
1,-8.20,1.22,-3.53,0,17,6,10,369
1,-8.12,1.22,-3.61,0,17,6,11,455
1,-8.24,1.33,-3.88,0,17,6,12,527
1,-8.32,1.22,-3.77,0,17,6,13,596
1,-8.08,1.22,-3.57,0,17,6,14,668
1,-8.12,1.29,-3.65,0,17,6,15,738
1,-8.28,1.02,-3.73,0,17,6,16,806
1,-8.20,1.22,-3.92,0,17,6,17,874
1,-8.28,1.26,-3.49,0,17,6,18,943
1,-8.28,0.98,-3.65,0,17,6,19,13
1,-8.00,1.33,-3.84,0,17,6,20,86
1,-8.32,1.22,-3.65,0,17,6,21,154
1,-8.32,0.98,-3.65,0,17,6,22,222
1,-8.16,1.29,-3.77,0,17,6,23,290
1,-8.08,1.29,-3.41,0,17,6,24,359
1,-8.20,1.10,-3.77,0,17,6,25,434
1,-8.28,1.06,-3.61,0,17,6,26,504
1,-8.24,1.18,-3.73,0,17,6,27,575
1,-8.16,1.10,-3.65,0,17,6,28,643
1,-8.00,1.14,-3.84,0,17,6,29,712
1,-8.04,0.98,-3.41,0,17,6,30,779
1,-8.24,1.10,-3.57,0,17,6,31,848
1,-8.24,1.02,-4.00,0,17,6,32,926
1,-8.16,1.06,-4.12,0,17,6,33,995
1,-7.96,1.10,-3.77,0,17,6,34,68
1,-8.08,1.02,-3.69,0,17,6,35,193
1,-8.24,1.37,-3.84,0,17,6,36,263
1,-8.16,0.98,-4.00,0,17,6,37,334
1,-8.00,1.41,-3.69,0,17,6,38,402
1,-7.92,1.22,-3.69,0,17,6,39,473
1,-8.04,0.94,-3.77,0,17,6,40,546
1,-8.12,1.14,-3.57,0,17,6,41,614
1,-8.00,1.33,-4.16,0,17,6,42,685
1,-8.24,1.33,-4.08,0,17,6,43,757
1,-8.04,1.06,-4.00,0,17,6,44,825
1,-8.00,1.10,-3.57,0,17,6,45,895
1,-7.81,1.26,-3.73,0,17,6,46,976
1,-8.08,1.33,-4.20,0,17,6,47,45
1,-8.00,1.10,-4.16,0,17,6,48,113
1,-8.12,0.90,-4.08,0,17,6,49,182
1,-8.04,1.10,-4.20,0,17,6,50,251
1,-8.08,1.06,-3.84,0,17,6,51,319
1,-8.00,1.06,-3.88,0,17,6,52,388
1,-7.88,1.14,-3.73,0,17,6,53,458
1,-7.96,1.33,-3.84,0,17,6,54,525
1,-8.12,1.18,-3.96,0,17,6,55,599
1,-8.08,1.10,-4.00,0,17,6,56,669
1,-7.92,1.26,-3.88,0,17,6,57,738
1,-7.88,1.33,-3.92,0,17,6,58,824
1,-8.04,1.22,-4.24,0,17,6,59,893
1,-7.53,1.37,-4.43,0,17,7,0,967
1,-8.32,1.02,-4.59,0,17,7,1,41
1,-8.04,1.14,-3.77,0,17,7,2,111
1,-7.77,1.10,-3.80,0,17,7,3,180
1,-7.92,1.18,-4.04,0,17,7,4,252
1,-7.92,1.14,-4.04,0,17,7,5,322
1,-8.16,1.18,-4.04,0,17,7,6,394
1,-7.73,1.41,-4.16,0,17,7,7,464
1,-7.81,1.29,-4.04,0,17,7,8,532
1,-8.00,1.14,-3.84,0,17,7,9,601
1,-8.16,1.06,-4.12,0,17,7,10,671
1,-7.88,1.37,-4.24,0,17,7,11,741
1,-7.73,1.26,-4.00,0,17,7,12,811
1,-7.96,1.10,-4.04,0,17,7,13,880
1,-7.88,1.10,-4.20,0,17,7,14,968
1,-7.77,1.22,-4.35,0,17,7,15,37
1,-7.96,1.14,-4.12,0,17,7,16,116
1,-7.96,1.02,-4.00,0,17,7,17,194
1,-7.85,1.06,-4.04,0,17,7,18,283
1,-7.81,1.26,-4.12,0,17,7,19,354
1,-7.96,1.18,-4.04,0,17,7,20,425
1,-7.88,1.18,-4.00,0,17,7,21,501
1,-7.85,1.37,-4.12,0,17,7,22,570
1,-7.88,1.26,-4.08,0,17,7,23,654
1,-7.96,1.22,-4.04,0,17,7,24,723
1,-7.88,1.18,-4.08,0,17,7,25,814
1,-7.73,1.26,-4.20,0,17,7,26,918
1,-8.00,1.02,-4.20,0,17,7,27,990
1,-7.88,0.98,-4.43,0,17,7,28,61
1,-7.88,0.90,-4.12,0,17,7,29,130
1,-8.04,0.78,-3.80,0,17,7,30,199
1,-7.88,1.06,-3.88,0,17,7,31,272
1,-7.88,0.98,-4.28,0,17,7,32,340
1,-7.96,1.10,-4.04,0,17,7,33,407
1,-7.96,1.02,-4.04,0,17,7,34,476
1,-7.92,1.06,-3.92,0,17,7,35,549
1,-7.96,0.94,-4.00,0,17,7,36,619
1,-8.08,0.75,-3.92,0,17,7,37,697
1,-8.16,0.86,-4.08,0,17,7,38,768
1,-8.00,0.90,-3.88,0,17,7,39,835
1,-7.96,0.67,-4.00,0,17,7,40,905
1,-8.12,1.33,-4.94,0,17,7,41,976
1,-8.16,0.90,-3.84,0,17,7,42,53
1,-8.28,1.02,-3.57,0,17,7,43,122
1,-8.16,0.94,-3.65,0,17,7,44,192
1,-8.00,1.10,-3.77,0,17,7,45,261
1,-7.96,1.02,-4.00,0,17,7,46,329
1,-8.08,1.02,-3.84,0,17,7,47,405
1,-8.04,0.94,-3.92,0,17,7,48,474
1,-8.04,0.86,-3.92,0,17,7,49,556
1,-8.12,0.90,-3.65,0,17,7,50,630
1,-8.08,0.94,-3.96,0,17,7,51,701
1,-7.96,0.90,-4.00,0,17,7,52,775
1,-8.20,0.94,-3.84,0,17,7,53,843
1,-7.88,0.71,-3.61,0,17,7,54,911
1,-8.47,0.59,-4.12,0,17,7,55,985
1,-8.12,0.94,-4.00,0,17,7,56,60
1,-8.16,1.02,-3.92,0,17,7,57,133
1,-8.08,1.33,-3.65,0,17,7,58,202
1,-8.32,0.78,-3.53,0,17,7,59,273
1,-8.36,1.26,-3.69,0,17,8,0,342
1,-7.92,1.18,-3.53,0,17,8,1,410
1,-8.04,1.18,-3.45,0,17,8,2,480
1,-8.36,1.14,-3.22,0,17,8,3,551
1,-8.20,1.10,-3.80,0,17,8,4,621
1,-8.20,1.22,-3.73,0,17,8,5,728
1,-8.43,0.94,-3.49,0,17,8,6,800
1,-8.36,0.94,-3.37,0,17,8,7,875
1,-8.28,1.18,-3.41,0,17,8,8,947
1,-8.32,1.22,-3.53,0,17,8,9,15
1,-8.43,1.10,-3.57,0,17,8,10,86
1,-8.51,1.10,-3.18,0,17,8,11,155
1,-8.16,1.29,-3.37,0,17,8,12,224
1,-8.28,1.29,-3.41,0,17,8,13,293
1,-8.39,1.18,-3.41,0,17,8,14,365
1,-8.32,1.22,-3.41,0,17,8,15,493
1,-8.36,1.26,-3.53,0,17,8,16,572
1,-8.24,0.94,-3.45,0,17,8,17,668
1,-8.24,1.14,-3.61,0,17,8,18,743
1,-8.28,1.02,-3.53,0,17,8,19,811
1,-8.28,1.10,-3.57,0,17,8,20,880
1,-8.24,1.10,-3.53,0,17,8,21,947
1,-8.28,1.02,-3.65,0,17,8,22,15
1,-8.32,1.06,-3.69,0,17,8,23,96
1,-8.32,1.02,-3.57,0,17,8,24,170
1,-8.16,1.14,-3.53,0,17,8,25,241
1,-8.24,1.06,-3.69,0,17,8,26,313
1,-8.28,0.98,-3.33,0,17,8,27,384
1,-8.16,1.02,-3.96,0,17,8,28,456
1,-8.47,0.78,-3.84,0,17,8,29,526
1,-8.32,0.94,-3.65,0,17,8,30,600
1,-8.16,1.18,-3.65,0,17,8,31,670
1,-8.36,0.98,-3.65,0,17,8,32,740
1,-8.20,1.18,-3.65,0,17,8,33,811
1,-8.20,1.29,-3.57,0,17,8,34,880
1,-8.39,1.10,-3.53,0,17,8,35,950
1,-8.20,1.14,-3.45,0,17,8,36,26
1,-8.28,1.10,-3.49,0,17,8,37,98
1,-8.36,0.94,-3.69,0,17,8,38,168
1,-8.43,1.14,-3.37,0,17,8,39,239
1,-8.24,0.94,-3.65,0,17,8,40,313
1,-8.36,1.06,-3.33,0,17,8,41,381
1,-8.28,0.90,-3.61,0,17,8,42,450
1,-8.28,0.94,-3.53,0,17,8,43,519
1,-8.20,1.06,-3.41,0,17,8,44,590
1,-8.36,0.86,-3.65,0,17,8,45,664
1,-8.32,1.06,-3.73,0,17,8,46,732
1,-8.28,1.14,-3.57,0,17,8,47,802
1,-8.20,1.02,-3.45,0,17,8,48,899
1,-8.28,1.10,-3.69,0,17,8,49,975
1,-8.16,1.18,-3.57,0,17,8,50,46
1,-8.39,0.94,-3.45,0,17,8,51,116
1,-8.24,1.18,-3.53,0,17,8,52,240
1,-8.16,1.26,-3.49,0,17,8,53,332
1,-8.32,0.98,-3.57,0,17,8,54,401
1,-8.28,1.02,-3.45,0,17,8,55,472
1,-8.28,1.02,-3.57,0,17,8,56,549
1,-8.36,0.90,-3.49,0,17,8,57,630
1,-8.43,1.02,-3.10,0,17,8,58,702
1,-8.43,0.90,-3.30,0,17,8,59,772
1,-8.43,1.02,-3.73,0,17,9,0,344
1,-8.47,1.10,-3.41,0,17,9,1,417
1,-8.39,1.10,-3.41,0,17,9,2,499
1,-8.51,1.02,-3.41,0,17,9,3,591
1,-8.36,1.10,-3.30,0,17,9,4,661
1,-8.28,1.10,-3.49,0,17,9,5,745
1,-8.39,1.06,-3.41,0,17,9,6,823
1,-8.43,0.94,-3.53,0,17,9,7,893
1,-8.43,1.02,-3.33,0,17,9,8,966
1,-8.47,1.02,-3.49,0,17,9,9,35
1,-8.39,0.86,-2.59,0,17,9,10,105
1,-8.51,0.51,-3.41,0,17,9,11,174
1,-8.16,1.14,-3.57,0,17,9,12,254
1,-8.20,0.78,-3.41,0,17,9,13,322
1,-8.59,0.82,-3.30,0,17,9,14,392
1,-8.16,1.18,-3.84,0,17,9,15,461
1,-8.28,1.10,-3.92,0,17,9,16,533
1,-8.00,1.18,-3.69,0,17,9,17,601
1,-8.12,1.37,-3.53,0,17,9,18,673
1,-8.00,1.29,-3.80,0,17,9,19,760
1,-8.16,1.18,-3.49,0,17,9,20,831
1,-8.08,1.14,-3.45,0,17,9,21,899
1,-8.12,1.18,-4.04,0,17,9,22,974
1,-7.92,1.22,-4.39,0,17,9,23,48
1,-7.85,1.26,-4.12,0,17,9,24,152
1,-8.12,1.02,-4.12,0,17,9,25,245
1,-8.08,0.75,-4.39,0,17,9,26,331
1,-8.04,0.82,-4.43,0,17,9,27,401
1,-8.04,0.90,-4.28,0,17,9,28,524
1,-7.96,1.10,-3.84,0,17,9,29,599
1,-7.96,1.02,-3.69,0,17,9,30,669
1,-8.20,0.98,-3.77,0,17,9,31,741
1,-8.16,0.98,-3.73,0,17,9,32,810
1,-8.12,0.94,-4.04,0,17,9,33,895
1,-8.08,1.41,-3.80,0,17,9,34,964
1,-7.96,1.29,-3.57,0,17,9,35,36
1,-8.08,1.22,-3.49,0,17,9,36,105
1,-8.28,1.06,-3.49,0,17,9,37,173
1,-8.36,1.06,-3.61,0,17,9,38,245
1,-8.28,1.14,-3.61,0,17,9,39,315
1,-8.28,1.14,-3.45,0,17,9,40,384
1,-8.32,1.06,-3.41,0,17,9,41,452
1,-8.43,1.02,-3.49,0,17,9,42,527
1,-8.39,1.10,-3.45,0,17,9,43,596
1,-8.32,1.33,-3.65,0,17,9,44,665
1,-8.36,1.10,-3.41,0,17,9,45,736
1,-8.36,1.10,-3.30,0,17,9,46,805
1,-8.28,1.14,-3.14,0,17,9,47,875
1,-8.28,1.14,-3.26,0,17,9,48,943
1,-8.47,1.10,-3.53,0,17,9,49,14
1,-8.32,0.90,-4.39,0,17,9,50,84
1,-8.28,1.26,-3.49,0,17,9,51,154
1,-8.08,1.26,-3.77,0,17,9,52,230
1,-8.16,1.10,-3.77,0,17,9,53,299
1,-8.32,0.98,-3.73,0,17,9,54,371
1,-8.36,1.10,-3.30,0,17,9,55,440
1,-8.32,1.22,-3.37,0,17,9,56,510
1,-8.47,0.98,-3.45,0,17,9,57,579
1,-8.28,1.14,-3.61,0,17,9,58,653
1,-8.32,0.98,-3.61,0,17,9,59,730
1,-8.47,0.71,-3.61,0,17,10,0,801
1,-8.32,1.10,-3.37,0,17,10,1,873
1,-7.81,1.49,-3.61,0,17,10,2,941
1,-8.24,1.26,-3.61,0,17,10,3,9
1,-8.55,0.90,-3.65,0,17,10,4,82
1,-8.28,1.22,-3.57,0,17,10,5,155
1,-8.32,0.94,-3.33,0,17,10,6,230
1,-8.24,1.26,-3.26,0,17,10,7,301
1,-8.32,1.06,-3.65,0,17,10,8,416
1,-8.32,1.26,-3.49,0,17,10,9,486
1,-8.32,1.06,-3.61,0,17,10,10,556
1,-8.20,1.29,-3.41,0,17,10,11,624
1,-8.36,1.29,-3.37,0,17,10,12,695
1,-8.36,1.18,-3.22,0,17,10,13,766
1,-8.28,0.98,-3.80,0,17,10,14,835
1,-8.36,1.02,-3.61,0,17,10,15,909
1,-8.16,0.98,-3.88,0,17,10,16,984
1,-8.16,1.22,-3.77,0,17,10,17,52
1,-8.16,1.06,-3.96,0,17,10,18,125
1,-8.32,1.02,-3.92,0,17,10,19,193
1,-8.08,1.02,-3.92,0,17,10,20,261
1,-8.12,1.18,-3.88,0,17,10,21,332
1,-8.08,1.06,-3.80,0,17,10,22,401
1,-8.12,1.14,-3.49,0,17,10,23,470
1,-8.24,1.02,-3.92,0,17,10,24,540
1,-8.12,1.06,-3.92,0,17,10,25,609
1,-7.88,1.18,-3.80,0,17,10,26,684
1,-8.08,0.98,-3.96,0,17,10,27,753
1,-8.08,1.10,-3.77,0,17,10,28,823
1,-8.20,1.22,-3.73,0,17,10,29,893
1,-8.04,1.18,-4.00,0,17,10,30,963
1,-8.08,1.33,-4.16,0,17,10,31,34
1,-7.81,1.88,-4.08,0,17,10,32,105
1,-8.00,1.33,-4.04,0,17,10,33,178
1,-8.20,1.22,-3.96,0,17,10,34,249
1,-8.04,1.14,-4.12,0,17,10,35,317
1,-7.92,1.10,-3.96,0,17,10,36,386
1,-7.96,1.02,-4.04,0,17,10,37,455
1,-7.92,1.37,-3.80,0,17,10,38,523
1,-7.92,1.22,-3.92,0,17,10,39,593
1,-8.08,1.10,-4.24,0,17,10,40,670
1,-7.96,1.22,-4.04,0,17,10,41,739
1,-7.96,1.57,-3.92,0,17,10,42,811
1,-7.92,1.41,-3.88,0,17,10,43,882
1,-8.08,1.10,-3.77,0,17,10,44,951
1,-8.08,1.41,-4.16,0,17,10,45,20
1,-7.88,1.37,-4.12,0,17,10,46,91
1,-8.24,1.02,-4.00,0,17,10,47,160
1,-8.24,0.98,-3.92,0,17,10,48,230
1,-7.88,1.33,-3.57,0,17,10,49,299
1,-8.12,1.14,-3.92,0,17,10,50,367
1,-8.08,1.06,-3.80,0,17,10,51,435
1,-8.16,1.26,-3.65,0,17,10,52,503
1,-8.20,1.02,-3.65,0,17,10,53,578
1,-8.12,1.29,-3.77,0,17,10,54,647
1,-8.28,0.94,-3.49,0,17,10,55,717
1,-8.36,1.29,-3.41,0,17,10,56,784
1,-8.32,1.26,-3.77,0,17,10,57,852
1,-8.12,1.41,-3.77,0,17,10,58,925
1,-8.36,1.26,-3.61,0,17,10,59,1
1,-8.20,1.37,-3.77,0,17,11,0,139
1,-8.20,1.37,-3.53,0,17,11,1,210
1,-8.12,1.49,-3.69,0,17,11,2,282
1,-8.12,1.49,-3.53,0,17,11,3,352
1,-8.32,1.14,-3.61,0,17,11,4,420
1,-8.20,1.41,-3.73,0,17,11,5,489
1,-8.16,1.22,-3.80,0,17,11,6,557
1,-8.20,1.22,-3.30,0,17,11,7,631
1,-8.20,1.18,-3.65,0,17,11,8,700
1,-8.20,1.26,-3.80,0,17,11,9,775
1,-8.24,1.37,-3.65,0,17,11,10,844
1,-8.20,1.49,-3.65,0,17,11,11,913
1,-8.08,1.26,-3.84,0,17,11,12,981
1,-8.20,1.33,-3.41,0,17,11,13,59
1,-8.12,1.29,-3.49,0,17,11,14,132
1,-8.28,1.41,-3.61,0,17,11,15,228
1,-8.28,1.45,-3.73,0,17,11,16,304
1,-8.20,1.22,-3.57,0,17,11,17,380
1,-7.92,1.33,-3.57,0,17,11,18,470
1,-8.00,1.37,-3.77,0,17,11,19,538
1,-8.16,1.26,-3.69,0,17,11,20,606
1,-8.16,1.29,-4.12,0,17,11,21,675
1,-8.20,1.37,-3.84,0,17,11,22,745
1,-8.00,1.41,-3.77,0,17,11,23,814
1,-8.04,1.22,-4.08,0,17,11,24,887
1,-8.28,1.26,-3.92,0,17,11,25,958
1,-8.16,1.02,-3.61,0,17,11,26,28
1,-8.00,1.37,-3.22,0,17,11,27,95
1,-8.28,1.49,-3.88,0,17,11,28,164
1,-8.32,1.45,-3.92,0,17,11,29,232
1,-8.04,1.77,-3.69,0,17,11,30,303
1,-8.08,1.65,-3.57,0,17,11,31,371
1,-8.16,1.26,-3.41,0,17,11,32,440
1,-8.12,1.49,-3.77,0,17,11,33,514
1,-8.04,1.65,-4.04,0,17,11,34,585
1,-8.04,1.57,-4.04,0,17,11,35,654
1,-8.16,1.33,-3.96,0,17,11,36,730
1,-7.81,1.80,-3.65,0,17,11,37,803
1,-8.39,1.26,-4.51,0,17,11,38,873
1,-8.20,1.29,-3.61,0,17,11,39,944
1,-7.96,1.37,-3.84,0,17,11,40,14
1,-8.08,1.49,-3.69,0,17,11,41,122
1,-7.96,1.65,-3.84,0,17,11,42,198
1,-8.20,1.49,-3.80,0,17,11,43,267
1,-8.16,1.41,-3.69,0,17,11,44,341
1,-8.04,1.33,-3.73,0,17,11,45,410
1,-8.12,1.41,-3.57,0,17,11,46,490
1,-7.88,1.49,-3.88,0,17,11,47,560
1,-8.16,1.45,-3.77,0,17,11,48,641
1,-8.20,1.73,-3.88,0,17,11,49,713
1,-7.88,1.33,-4.04,0,17,11,50,787
1,-8.08,1.41,-4.16,0,17,11,51,856
1,-8.00,1.14,-4.00,0,17,11,52,927
1,-8.04,1.18,-3.96,0,17,11,53,997
1,-8.04,1.29,-3.84,0,17,11,54,64
1,-7.92,1.33,-4.31,0,17,11,55,134
1,-7.96,1.37,-3.96,0,17,11,56,201
1,-8.00,1.22,-3.92,0,17,11,57,269
1,-8.00,1.26,-3.92,0,17,11,58,340
1,-8.04,1.37,-3.92,0,17,11,59,411
1,-7.92,1.33,-4.08,0,17,12,0,480
1,-8.00,1.53,-3.84,0,17,12,1,550
1,-8.08,1.33,-4.04,0,17,12,2,625
1,-7.88,1.41,-3.92,0,17,12,3,693
1,-7.96,1.53,-3.92,0,17,12,4,766
1,-8.08,1.22,-3.84,0,17,12,5,833
1,-8.00,1.45,-4.00,0,17,12,6,906
1,-7.88,1.65,-4.00,0,17,12,7,977
1,-8.00,1.45,-3.88,0,17,12,8,54
1,-7.96,1.37,-3.84,0,17,12,9,124
1,-8.00,1.49,-3.88,0,17,12,10,192
1,-8.04,1.37,-3.84,0,17,12,11,270
1,-8.04,1.26,-4.12,0,17,12,12,339
1,-8.12,1.26,-4.04,0,17,12,13,407
1,-8.00,1.37,-4.08,0,17,12,14,496
1,-8.16,1.18,-3.92,0,17,12,15,565
1,-8.24,1.18,-3.77,0,17,12,16,634
1,-8.04,1.33,-3.57,0,17,12,17,706
1,-8.04,1.45,-4.04,0,17,12,18,775
1,-8.08,1.29,-3.73,0,17,12,19,843
1,-8.20,1.10,-3.73,0,17,12,20,911
1,-8.16,1.33,-3.80,0,17,12,21,984
1,-8.04,1.22,-3.80,0,17,12,22,55
1,-8.12,1.18,-3.69,0,17,12,23,123
1,-8.12,1.26,-3.69,0,17,12,24,193
1,-8.39,1.29,-3.69,0,17,12,25,261
1,-8.24,1.33,-3.77,0,17,12,26,331
1,-8.12,1.10,-3.77,0,17,12,27,406
1,-8.16,1.02,-3.77,0,17,12,28,480
1,-8.16,1.26,-3.77,0,17,12,29,551
1,-8.20,1.10,-3.80,0,17,12,30,619
1,-8.20,1.18,-3.73,0,17,12,31,687
1,-8.28,1.37,-3.92,0,17,12,32,792
1,-8.36,1.18,-3.49,0,17,12,33,863
1,-8.20,1.33,-3.30,0,17,12,34,935
1,-8.39,1.10,-3.33,0,17,12,35,9
1,-8.32,1.45,-3.41,0,17,12,36,84
1,-8.32,1.18,-3.53,0,17,12,37,153
1,-8.28,1.26,-3.33,0,17,12,38,224
1,-8.12,1.26,-3.77,0,17,12,39,294
1,-8.43,1.22,-3.26,0,17,12,40,364
1,-8.20,1.14,-3.33,0,17,12,41,447
1,-8.36,0.98,-3.53,0,17,12,42,520
1,-8.32,1.06,-3.37,0,17,12,43,598
1,-8.16,1.02,-3.14,0,17,12,44,667
1,-8.43,0.98,-3.49,0,17,12,45,745
1,-8.36,1.06,-3.92,0,17,12,46,812
1,-8.51,1.06,-3.26,0,17,12,47,882
1,-7.73,1.37,-3.57,0,17,12,48,952
1,-8.16,1.10,-3.57,0,17,12,49,21
1,-8.36,0.98,-3.84,0,17,12,50,90
1,-8.36,0.98,-3.69,0,17,12,51,159
1,-8.16,1.02,-3.77,0,17,12,52,228
1,-8.20,1.06,-3.84,0,17,12,53,297
1,-9.73,0.63,-0.39,0,17,12,54,374
1,-8.04,0.59,-3.84,0,17,12,55,444
1,-7.96,1.14,-3.61,0,17,12,56,513
1,-8.16,1.02,-3.96,0,17,12,57,583
1,-8.32,0.90,-3.80,0,17,12,58,651
1,-8.04,0.90,-3.69,0,17,12,59,720
1,-8.04,1.06,-3.88,0,17,13,0,790
1,-8.00,1.02,-3.92,0,17,13,1,864
1,-7.96,1.02,-3.96,0,17,13,2,932
1,-7.85,1.10,-3.73,0,17,13,3,6
1,-7.81,1.10,-4.00,0,17,13,4,84
1,-7.73,1.14,-3.80,0,17,13,5,166
1,-7.53,0.94,-3.84,0,17,13,6,237
1,-7.37,0.86,-4.08,0,17,13,7,306
1,-6.83,0.71,-4.04,0,17,13,8,377
1,-6.20,1.02,-3.92,0,17,13,9,446
1,-6.43,1.14,-4.82,0,17,13,10,517
1,-6.71,0.47,-5.96,0,17,13,11,587
1,-7.06,-0.27,-6.43,0,17,13,12,657
1,-7.49,-0.75,-7.45,0,17,13,13,725
1,-6.71,-0.43,-6.94,0,17,13,14,793
1,-6.28,-0.35,-6.00,0,17,13,15,862
1,-5.92,-0.24,-5.81,0,17,13,16,931
1,-5.69,-0.20,-5.92,0,17,13,17,9
1,-5.69,-0.08,-6.04,0,17,13,18,79
1,-5.77,-0.04,-5.96,0,17,13,19,147
1,-5.77,0.04,-6.08,0,17,13,20,215
1,-5.84,0.00,-6.12,0,17,13,21,284
1,-5.69,0.04,-6.24,0,17,13,22,352
1,-5.81,-0.12,-6.20,0,17,13,23,421
1,-5.81,-0.16,-6.12,0,17,13,24,491
1,-5.69,0.00,-6.24,0,17,13,25,562
1,-5.73,-0.12,-6.12,0,17,13,26,632
1,-5.69,-0.08,-6.24,0,17,13,27,701
1,-5.49,-0.12,-5.96,0,17,13,28,769
1,-5.77,-0.04,-6.16,0,17,13,29,837
1,-5.81,-0.12,-6.24,0,17,13,30,905
1,-5.69,0.00,-6.08,0,17,13,31,973
1,-5.73,-0.04,-6.12,0,17,13,32,42
1,-5.88,-0.04,-6.20,0,17,13,33,125
1,-5.65,0.00,-6.04,0,17,13,34,195
1,-5.69,0.00,-6.04,0,17,13,35,264
1,-5.84,-0.08,-6.12,0,17,13,36,333
1,-6.04,0.00,-6.32,0,17,13,37,402
1,-6.98,-0.27,-6.63,0,17,13,38,471
1,-7.26,-0.43,-6.63,0,17,13,39,540
1,-7.02,-0.27,-6.16,0,17,13,40,609
1,-6.98,0.20,-5.26,0,17,13,41,683
1,-7.30,0.39,-4.71,0,17,13,42,753
1,-7.57,0.31,-4.47,0,17,13,43,835
1,-7.45,0.55,-4.28,0,17,13,44,904
1,-7.81,0.63,-3.61,0,17,13,45,985
1,-8.08,0.90,-3.14,0,17,13,46,58
1,-8.00,1.02,-2.63,0,17,13,47,130
1,-7.88,1.18,-2.47,0,17,13,48,201
1,-8.51,1.10,-2.47,0,17,13,49,271
1,-8.94,0.94,-2.55,0,17,13,50,343
1,-8.98,1.06,-2.59,0,17,13,51,411
1,-8.75,1.06,-2.47,0,17,13,52,481
1,-8.67,1.18,-2.35,0,17,13,53,550
1,-8.71,1.22,-2.31,0,17,13,54,618
1,-8.94,1.29,-2.28,0,17,13,55,688
1,-8.90,1.29,-2.28,0,17,13,56,756
1,-9.30,1.33,-2.47,0,17,13,57,825
1,-9.14,1.29,-2.55,0,17,13,58,895
1,-8.98,1.14,-2.90,0,17,13,59,965
1,-8.67,0.90,-2.39,0,17,14,0,35
1,-8.43,1.22,-2.24,0,17,14,1,109
1,-10.16,-0.43,-1.69,0,17,14,2,183
1,-9.30,0.78,-1.73,0,17,14,3,256
1,-8.94,1.18,-1.92,0,17,14,4,325
1,-9.22,1.29,-1.57,0,17,14,5,397
1,-9.26,1.14,-1.88,0,17,14,6,467
1,-9.30,0.94,-2.08,0,17,14,7,548
1,-9.10,1.18,-2.04,0,17,14,8,616
1,-9.22,1.22,-2.20,0,17,14,9,697
1,-9.10,0.82,-1.84,0,17,14,10,769
1,-9.22,1.06,-2.12,0,17,14,11,837
1,-9.22,1.06,-2.04,0,17,14,12,915
1,-9.22,0.94,-2.04,0,17,14,13,987
1,-9.34,1.06,-2.12,0,17,14,14,58
1,-9.18,0.98,-2.08,0,17,14,15,127
1,-9.06,0.98,-2.16,0,17,14,16,196
1,-9.18,0.98,-1.92,0,17,14,17,266
1,-9.26,0.86,-2.20,0,17,14,18,342
1,-9.22,0.94,-2.12,0,17,14,19,411
1,-9.10,0.98,-2.08,0,17,14,20,480
1,-9.02,1.10,-2.00,0,17,14,21,548
1,-9.18,0.98,-2.24,0,17,14,22,625
1,-9.14,0.94,-2.08,0,17,14,23,715
1,-9.02,0.98,-2.20,0,17,14,24,786
1,-9.18,0.90,-2.16,0,17,14,25,860
1,-9.26,0.90,-2.28,0,17,14,26,930
1,-9.22,0.86,-2.20,0,17,14,27,2
1,-9.10,0.82,-2.24,0,17,14,28,71
1,-9.49,0.94,-2.98,0,17,14,29,141
1,-9.18,1.22,-2.16,0,17,14,30,218
1,-9.10,1.06,-2.28,0,17,14,31,287
1,-9.22,0.94,-2.20,0,17,14,32,357
1,-9.10,1.06,-1.92,0,17,14,33,428
1,-9.22,0.90,-2.00,0,17,14,34,494
1,-9.22,0.67,-2.08,0,17,14,35,563
1,-9.14,1.02,-2.08,0,17,14,36,633
1,-9.22,0.86,-1.92,0,17,14,37,703
1,-9.14,1.02,-2.00,0,17,14,38,771
1,-9.14,0.94,-1.92,0,17,14,39,846
1,-9.14,1.06,-2.04,0,17,14,40,916
1,-9.26,1.02,-2.00,0,17,14,41,983
1,-9.18,1.10,-1.80,0,17,14,42,57
1,-9.34,0.98,-2.08,0,17,14,43,126
1,-9.22,1.14,-1.96,0,17,14,44,198
1,-9.18,0.98,-2.04,0,17,14,45,267
1,-9.22,0.98,-1.88,0,17,14,46,338
1,-9.22,1.06,-2.08,0,17,14,47,408
1,-9.10,1.02,-1.92,0,17,14,48,477
1,-9.22,0.98,-2.08,0,17,14,49,547
1,-9.22,0.98,-1.96,0,17,14,50,616
1,-9.22,1.06,-2.04,0,17,14,51,685
1,-9.18,1.06,-2.04,0,17,14,52,758
1,-9.30,1.02,-2.00,0,17,14,53,827
1,-9.18,1.02,-1.96,0,17,14,54,896
1,-9.26,1.02,-2.00,0,17,14,55,965
1,-9.22,0.98,-1.92,0,17,14,56,34
1,-9.30,1.02,-1.96,0,17,14,57,106
1,-9.22,0.98,-1.92,0,17,14,58,181
1,-9.22,0.94,-1.96,0,17,14,59,249
1,-9.22,0.98,-1.88,0,17,15,0,326
1,-9.26,0.94,-1.96,0,17,15,1,394
1,-9.14,1.06,-2.08,0,17,15,2,485
1,-9.26,0.90,-1.92,0,17,15,3,552
1,-9.14,1.02,-1.96,0,17,15,4,622
1,-9.22,1.06,-2.00,0,17,15,5,693
1,-9.34,0.94,-2.00,0,17,15,6,762
1,-9.18,1.02,-1.92,0,17,15,7,833
1,-9.18,1.02,-1.92,0,17,15,8,901
1,-9.26,0.94,-1.84,0,17,15,9,971
1,-9.26,1.02,-2.04,0,17,15,10,41
1,-9.34,0.90,-1.96,0,17,15,11,115
1,-9.22,0.94,-1.84,0,17,15,12,185
1,-9.34,0.98,-1.92,0,17,15,13,254
1,-9.18,1.02,-1.88,0,17,15,14,323
1,-9.26,0.98,-2.00,0,17,15,15,393
1,-9.22,1.02,-1.77,0,17,15,16,489
1,-9.18,0.98,-2.20,0,17,15,17,559
1,-9.10,0.98,-1.77,0,17,15,18,636
1,-9.22,1.02,-1.92,0,17,15,19,705
1,-9.18,0.94,-2.08,0,17,15,20,772
1,-9.26,0.98,-1.96,0,17,15,21,841
1,-9.26,1.02,-1.96,0,17,15,22,911
1,-9.18,1.06,-1.88,0,17,15,23,982
1,-9.26,0.90,-1.84,0,17,15,24,50
1,-9.26,0.94,-2.00,0,17,15,25,122
1,-9.26,0.94,-1.88,0,17,15,26,190
1,-9.26,0.90,-1.84,0,17,15,27,260
1,-9.18,0.90,-1.96,0,17,15,28,330
1,-9.30,0.94,-1.92,0,17,15,29,399
1,-9.26,0.94,-1.92,0,17,15,30,469
1,-9.22,1.02,-1.96,0,17,15,31,539
1,-9.18,0.94,-1.84,0,17,15,32,610
1,-9.22,1.02,-1.73,0,17,15,33,680
1,-9.30,0.94,-1.92,0,17,15,34,752
1,-9.30,0.98,-2.00,0,17,15,35,820
1,-9.38,0.90,-2.00,0,17,15,36,891
1,-9.22,0.98,-1.92,0,17,15,37,960
1,-9.26,1.02,-1.77,0,17,15,38,38
1,-9.26,0.98,-1.92,0,17,15,39,110
1,-9.26,0.90,-1.88,0,17,15,40,179
1,-9.26,1.02,-1.88,0,17,15,41,258
1,-9.26,0.94,-1.88,0,17,15,42,327
1,-9.30,1.10,-1.88,0,17,15,43,395
1,-9.34,1.06,-1.80,0,17,15,44,477
1,-9.30,0.94,-1.96,0,17,15,45,555
1,-9.26,1.02,-1.84,0,17,15,46,626
1,-9.26,0.98,-1.84,0,17,15,47,700
1,-9.30,1.06,-1.80,0,17,15,48,771
1,-9.22,1.06,-1.96,0,17,15,49,844
1,-9.34,1.02,-1.84,0,17,15,50,913
1,-9.30,0.98,-1.84,0,17,15,51,982
1,-9.26,1.06,-1.84,0,17,15,52,90
1,-9.26,1.02,-1.84,0,17,15,53,157
1,-9.22,1.02,-1.92,0,17,15,54,227
1,-9.26,1.02,-1.88,0,17,15,55,298
1,-9.30,1.18,-1.92,0,17,15,56,369
1,-9.22,1.06,-1.80,0,17,15,57,439
1,-9.30,1.06,-1.84,0,17,15,58,512
1,-9.22,1.14,-1.88,0,17,15,59,583
1,-9.26,1.10,-1.88,0,17,16,0,652
1,-9.22,1.02,-1.84,0,17,16,1,721
1,-9.26,1.06,-1.84,0,17,16,2,792
1,-9.22,1.02,-1.80,0,17,16,3,902
1,-9.26,1.10,-1.96,0,17,16,4,970
1,-9.26,1.02,-2.00,0,17,16,5,55
1,-9.10,1.10,-1.80,0,17,16,6,130
1,-9.38,1.10,-2.04,0,17,16,7,201
1,-9.38,1.10,-2.00,0,17,16,8,272
1,-9.30,0.98,-1.84,0,17,16,9,341
1,-9.22,1.06,-1.88,0,17,16,10,410
1,-9.18,1.18,-1.84,0,17,16,11,481
1,-9.26,0.94,-1.96,0,17,16,12,550
1,-9.22,1.14,-1.92,0,17,16,13,621
1,-9.34,1.06,-1.88,0,17,16,14,692
1,-9.22,1.14,-1.84,0,17,16,15,762
1,-9.26,1.02,-1.88,0,17,16,16,830
1,-9.22,1.14,-1.88,0,17,16,17,908
1,-9.26,1.10,-1.92,0,17,16,18,977
1,-9.14,1.10,-1.88,0,17,16,19,48
1,-9.18,1.14,-1.92,0,17,16,20,132
1,-9.26,1.18,-1.80,0,17,16,21,204
1,-9.18,1.18,-1.92,0,17,16,22,273
1,-9.30,1.18,-2.00,0,17,16,23,343
1,-9.26,1.14,-1.88,0,17,16,24,412
1,-9.18,1.18,-1.80,0,17,16,25,481
1,-9.26,1.06,-1.84,0,17,16,26,552
1,-9.22,1.06,-1.96,0,17,16,27,621
1,-9.26,1.14,-1.88,0,17,16,28,690
1,-9.30,1.06,-1.96,0,17,16,29,761
1,-9.26,1.02,-1.96,0,17,16,30,831
1,-9.26,1.18,-1.96,0,17,16,31,900
1,-9.22,1.10,-1.92,0,17,16,32,969
1,-9.22,1.02,-1.88,0,17,16,33,39
1,-9.26,1.14,-1.84,0,17,16,34,109
1,-9.22,1.10,-1.77,0,17,16,35,182
1,-9.18,1.10,-1.80,0,17,16,36,251
1,-9.30,0.94,-1.92,0,17,16,37,321
1,-9.30,1.06,-1.88,0,17,16,38,390
1,-9.18,1.14,-1.88,0,17,16,39,481
1,-9.30,0.98,-1.80,0,17,16,40,551
1,-9.22,1.14,-1.84,0,17,16,41,623
1,-9.30,1.02,-1.80,0,17,16,42,702
1,-9.26,1.06,-1.88,0,17,16,43,772
1,-9.22,1.10,-1.77,0,17,16,44,841
1,-9.22,1.10,-1.84,0,17,16,45,913
1,-9.22,1.10,-1.80,0,17,16,46,6
1,-9.26,1.02,-1.84,0,17,16,47,85
1,-9.26,1.10,-1.92,0,17,16,48,154
1,-9.26,1.18,-1.80,0,17,16,49,227
1,-9.22,1.06,-1.92,0,17,16,50,298
1,-9.22,1.18,-1.77,0,17,16,51,373
1,-9.26,1.02,-1.77,0,17,16,52,447
1,-9.26,1.14,-1.88,0,17,16,53,516
1,-9.26,1.14,-1.96,0,17,16,54,594
1,-9.34,1.02,-1.92,0,17,16,55,664
1,-9.26,1.18,-1.88,0,17,16,56,735
1,-9.30,1.06,-1.80,0,17,16,57,804
1,-9.26,0.98,-1.84,0,17,16,58,873
1,-9.26,1.10,-1.88,0,17,16,59,941
1,-9.26,0.98,-1.92,0,17,17,0,11
1,-9.26,1.02,-1.88,0,17,17,1,82
1,-9.26,0.98,-1.88,0,17,17,2,157
1,-9.30,1.06,-1.96,0,17,17,3,226
1,-9.22,1.06,-1.88,0,17,17,4,296
1,-9.30,1.06,-1.80,0,17,17,5,400
1,-9.26,1.33,-1.73,0,17,17,6,471
1,-9.34,0.98,-1.80,0,17,17,7,541
1,-9.18,1.14,-1.92,0,17,17,8,655
1,-9.34,0.98,-1.77,0,17,17,9,725
1,-9.22,1.14,-1.65,0,17,17,10,793
1,-9.45,0.90,-1.88,0,17,17,11,861
1,-9.38,1.02,-1.80,0,17,17,12,940
1,-9.26,1.06,-1.84,0,17,17,13,8
1,-9.38,0.98,-1.73,0,17,17,14,78
1,-9.30,1.14,-1.77,0,17,17,15,148
1,-9.34,1.10,-1.73,0,17,17,16,219
1,-9.34,1.06,-1.77,0,17,17,17,295
1,-9.30,1.14,-1.73,0,17,17,18,366
1,-9.30,1.10,-1.61,0,17,17,19,433
1,-9.26,1.10,-1.57,0,17,17,20,504
1,-9.38,1.02,-1.73,0,17,17,21,572
1,-9.26,1.14,-1.65,0,17,17,22,641
1,-9.34,1.06,-1.57,0,17,17,23,713
1,-9.38,1.14,-1.69,0,17,17,24,781
1,-9.38,1.10,-1.53,0,17,17,25,849
1,-9.30,1.10,-1.61,0,17,17,26,923
1,-9.38,1.06,-1.57,0,17,17,27,993
1,-9.30,1.02,-1.53,0,17,17,28,68
1,-9.38,1.02,-1.61,0,17,17,29,138
1,-9.38,1.06,-1.53,0,17,17,30,206
1,-9.34,1.06,-1.57,0,17,17,31,275
1,-9.45,0.98,-1.57,0,17,17,32,349
1,-9.38,1.02,-1.53,0,17,17,33,421
1,-9.49,1.02,-1.73,0,17,17,34,492
1,-9.34,1.10,-1.61,0,17,17,35,560
1,-9.45,1.02,-1.61,0,17,17,36,629
1,-9.38,1.06,-1.49,0,17,17,37,713
1,-9.38,1.14,-1.57,0,17,17,38,786
1,-9.38,1.10,-1.73,0,17,17,39,856
1,-9.45,1.06,-1.65,0,17,17,40,929
1,-9.53,1.10,-1.69,0,17,17,41,996
1,-9.34,1.14,-1.65,0,17,17,42,77
1,-9.34,1.02,-1.37,0,17,17,43,147
1,-9.41,1.10,-1.57,0,17,17,44,215
1,-9.41,1.10,-1.69,0,17,17,45,286
1,-9.38,1.10,-1.65,0,17,17,46,355
1,-9.34,1.22,-1.53,0,17,17,47,424
1,-9.34,1.02,-1.57,0,17,17,48,493
1,-9.34,1.10,-1.61,0,17,17,49,563
1,-9.38,0.98,-1.53,0,17,17,50,634
1,-9.26,1.14,-1.49,0,17,17,51,703
1,-9.38,1.06,-1.69,0,17,17,52,770
1,-9.41,1.06,-1.61,0,17,17,53,841
1,-9.30,1.06,-1.53,0,17,17,54,910
1,-9.38,0.98,-1.53,0,17,17,55,978
1,-9.38,1.06,-1.53,0,17,17,56,48
1,-9.34,1.02,-1.73,0,17,17,57,117
1,-9.41,0.98,-1.77,0,17,17,58,188
1,-9.38,0.98,-1.61,0,17,17,59,258
1,-9.41,0.86,-1.61,0,17,18,0,328
1,-9.02,0.94,-1.80,0,17,18,1,397
1,-9.34,0.98,-1.69,0,17,18,2,468
1,-9.34,0.86,-1.69,0,17,18,3,538
1,-9.34,0.98,-1.77,0,17,18,4,607
1,-9.34,0.94,-1.69,0,17,18,5,677
1,-9.34,0.90,-1.61,0,17,18,6,750
1,-9.34,0.98,-1.69,0,17,18,7,819
1,-9.38,0.98,-1.73,0,17,18,8,888
1,-9.30,0.90,-1.73,0,17,18,9,956
1,-9.38,1.02,-1.73,0,17,18,10,42
1,-9.30,1.02,-1.65,0,17,18,11,130
1,-9.38,0.94,-1.73,0,17,18,12,197
1,-9.34,0.94,-1.65,0,17,18,13,267
1,-9.34,0.98,-1.84,0,17,18,14,339
1,-9.26,1.06,-1.65,0,17,18,15,412
1,-9.38,0.94,-1.69,0,17,18,16,495
1,-9.18,0.98,-1.69,0,17,18,17,572
1,-9.38,0.86,-1.69,0,17,18,18,644
1,-9.26,1.02,-1.77,0,17,18,19,713
1,-9.38,0.90,-1.65,0,17,18,20,783
1,-9.34,0.94,-1.69,0,17,18,21,851
1,-9.30,0.90,-1.73,0,17,18,22,920
1,-9.34,1.02,-1.65,0,17,18,23,994
1,-9.34,0.94,-1.73,0,17,18,24,63
1,-9.34,0.98,-1.61,0,17,18,25,134
1,-9.41,0.94,-1.77,0,17,18,26,202
1,-9.30,0.94,-1.61,0,17,18,27,272
1,-9.30,1.02,-1.61,0,17,18,28,341
1,-9.38,0.90,-1.65,0,17,18,29,415
1,-9.34,1.06,-1.69,0,17,18,30,483
1,-9.41,0.86,-1.80,0,17,18,31,554
1,-9.34,0.98,-1.57,0,17,18,32,626
1,-9.34,0.90,-1.77,0,17,18,33,695
1,-9.34,0.94,-1.73,0,17,18,34,764
1,-9.26,0.94,-1.69,0,17,18,35,835
1,-9.38,0.98,-1.69,0,17,18,36,910
1,-9.30,0.98,-1.69,0,17,18,37,979
1,-9.34,0.94,-1.61,0,17,18,38,48
1,-9.30,0.94,-1.77,0,17,18,39,124
1,-9.45,0.94,-1.77,0,17,18,40,196
1,-9.30,0.94,-1.73,0,17,18,41,266
1,-9.41,0.98,-1.65,0,17,18,42,336
1,-9.34,0.94,-1.69,0,17,18,43,405
1,-9.30,0.98,-1.80,0,17,18,44,475
1,-9.34,1.02,-1.73,0,17,18,45,544
1,-9.34,0.98,-1.53,0,17,18,46,612
1,-9.34,1.06,-1.77,0,17,18,47,685
1,-9.38,1.06,-1.57,0,17,18,48,752
1,-9.34,0.98,-1.61,0,17,18,49,826
1,-9.41,0.98,-1.57,0,17,18,50,897
1,-9.22,1.02,-1.65,0,17,18,51,968
1,-9.41,0.94,-1.73,0,17,18,52,35
1,-9.34,0.98,-1.73,0,17,18,53,105
1,-9.34,1.02,-1.69,0,17,18,54,176
1,-9.34,1.02,-1.61,0,17,18,55,245
1,-9.30,1.06,-1.61,0,17,18,56,314
1,-9.38,0.98,-1.61,0,17,18,57,390
1,-9.34,0.98,-1.80,0,17,18,58,459
1,-9.26,1.02,-1.73,0,17,18,59,531
1,-9.30,0.90,-1.80,0,17,19,0,601
1,-9.30,1.06,-1.73,0,17,19,1,669
1,-9.38,0.98,-1.80,0,17,19,2,739
1,-9.34,0.90,-1.77,0,17,19,3,808
1,-9.34,0.90,-1.84,0,17,19,4,877
1,-9.34,0.94,-1.73,0,17,19,5,946
1,-9.22,0.98,-1.80,0,17,19,6,16
1,-9.22,1.10,-1.65,0,17,19,7,83
1,-9.38,0.98,-1.77,0,17,19,8,152
1,-9.34,1.06,-1.84,0,17,19,9,220
1,-9.30,0.90,-1.69,0,17,19,10,291
1,-9.34,0.90,-1.77,0,17,19,11,361
1,-9.22,1.06,-1.80,0,17,19,12,430
1,-9.34,0.90,-1.77,0,17,19,13,500
1,-9.30,0.94,-1.73,0,17,19,14,570
1,-9.30,0.94,-1.61,0,17,19,15,637
1,-9.26,0.98,-1.69,0,17,19,16,707
1,-9.38,0.90,-1.77,0,17,19,17,774
1,-9.34,0.94,-1.80,0,17,19,18,844
1,-9.26,1.10,-1.88,0,17,19,19,920
1,-9.34,1.06,-1.77,0,17,19,20,999
1,-9.34,0.94,-1.77,0,17,19,21,81
1,-9.26,1.02,-1.73,0,17,19,22,179
1,-9.30,1.02,-1.65,0,17,19,23,253
1,-9.26,1.02,-1.80,0,17,19,24,324
1,-9.34,1.02,-1.61,0,17,19,25,413
1,-9.26,1.10,-1.61,0,17,19,26,498
1,-9.38,1.02,-1.77,0,17,19,27,568
1,-9.30,1.10,-1.69,0,17,19,28,638
1,-9.34,1.02,-1.80,0,17,19,29,708
1,-9.26,1.10,-1.57,0,17,19,30,780
1,-9.41,1.06,-1.77,0,17,19,31,850
1,-9.34,1.02,-1.73,0,17,19,32,921
1,-9.34,1.02,-1.65,0,17,19,33,0
1,-9.30,1.02,-1.61,0,17,19,34,75
1,-9.26,0.94,-1.61,0,17,19,35,146
1,-9.34,0.98,-1.65,0,17,19,36,216
1,-9.30,1.06,-1.65,0,17,19,37,290
1,-9.10,0.98,-1.73,0,17,19,38,359
1,-9.14,0.98,-1.84,0,17,19,39,427
1,-8.98,0.71,-1.84,0,17,19,40,495
1,-9.26,0.55,-1.80,0,17,19,41,565
1,-8.98,0.47,-1.84,0,17,19,42,637
1,-9.34,0.47,-1.41,0,17,19,43,717
1,-8.90,0.51,-2.24,0,17,19,44,787
1,-9.26,0.63,-2.00,0,17,19,45,857
1,-9.18,0.43,-2.39,0,17,19,46,925
1,-9.26,0.51,-2.59,0,17,19,47,995
1,-8.94,0.51,-2.79,0,17,19,48,65
1,-9.06,0.35,-2.63,0,17,19,49,137
1,-9.02,0.24,-2.47,0,17,19,50,205
1,-9.38,0.08,-2.35,0,17,19,51,273
1,-9.02,0.35,-2.71,0,17,19,52,341
1,-8.94,0.35,-2.59,0,17,19,53,993
1,-8.51,0.00,-3.18,0,17,19,54,62
1,-8.36,0.16,-3.41,0,17,19,55,130
1,-8.47,0.00,-3.37,0,17,19,56,199
1,-8.28,-0.04,-3.69,0,17,19,57,269
1,-8.28,0.04,-2.90,0,17,19,58,339
1,-8.47,0.04,-3.49,0,17,19,59,407
1,-8.94,0.12,-3.84,0,17,20,0,474
1,-8.32,-0.35,-3.22,0,17,20,1,550
1,-7.92,-0.51,-3.10,0,17,20,2,620
1,-8.12,0.55,-4.39,0,17,20,3,689
1,-7.34,-1.37,-3.92,0,17,20,4,766
1,-7.30,-0.90,-2.94,0,17,20,5,839
1,-8.08,-1.57,-5.02,0,17,20,6,777
1,-2.75,0.75,-6.51,0,17,20,7,851
1,-1.92,-1.22,-7.61,0,17,20,8,932
1,-1.22,-0.59,-7.14,0,17,20,9,5
1,-1.84,-1.22,-6.28,0,17,20,10,78
1,-2.39,-0.55,-5.41,0,17,20,11,147
1,-4.67,0.20,-6.55,0,17,20,12,215
1,-4.47,0.55,-5.81,0,17,20,13,284
1,-5.84,1.02,-5.33,0,17,20,14,354
1,-6.51,-0.16,-6.24,0,17,20,15,426
1,-8.32,-1.53,-5.65,0,17,20,16,494
1,-6.20,-0.94,-5.92,0,17,20,17,563
1,-8.51,-2.86,-6.63,0,17,20,18,633
1,-2.31,-3.33,-7.45,0,17,20,19,716
1,-5.06,-3.92,-7.73,0,17,20,20,785
1,-3.45,1.73,-6.04,0,17,20,21,855
1,-6.16,1.65,-6.86,0,17,20,22,923
1,-4.35,-2.39,-6.83,0,17,20,23,992
1,-5.02,2.08,-6.43,0,17,20,24,75
1,-4.71,0.78,-7.22,0,17,20,25,147
1,-4.71,-0.31,-6.39,0,17,20,26,217
1,-5.30,2.55,-5.92,0,17,20,27,286
1,-4.90,1.53,-6.32,0,17,20,28,354
1,-5.10,1.80,-6.20,0,17,20,29,423
1,-4.43,2.75,-7.37,0,17,20,30,492
1,-4.55,2.47,-7.10,0,17,20,31,566
1,-4.28,2.39,-7.53,0,17,20,32,636
1,-3.77,1.57,-7.34,0,17,20,33,707
1,-4.24,1.57,-7.41,0,17,20,34,776
1,-4.31,1.96,-6.79,0,17,20,35,846
1,-4.24,1.73,-6.55,0,17,20,36,917
1,-4.24,2.43,-6.75,0,17,20,37,986
1,-4.24,1.80,-7.57,0,17,20,38,58
1,-4.08,1.65,-8.04,0,17,20,39,127
1,-3.96,2.28,-6.16,0,17,20,40,198
1,-4.04,1.77,-7.49,0,17,20,41,269
1,-3.92,1.96,-7.02,0,17,20,42,339
1,-3.88,1.88,-6.94,0,17,20,43,91
1,-4.47,2.08,-6.90,0,17,20,44,160
1,-4.67,1.53,-6.98,0,17,20,45,229
1,-4.90,1.49,-6.43,0,17,20,46,298
1,-4.90,1.92,-6.43,0,17,20,47,368
1,-4.71,1.57,-6.79,0,17,20,48,440
1,-4.51,2.28,-7.37,0,17,20,49,509
1,-4.75,2.28,-6.71,0,17,20,50,578
1,-4.59,2.16,-6.55,0,17,20,51,646
1,-4.55,2.47,-6.24,0,17,20,52,723
1,-5.14,2.43,-6.90,0,17,20,53,798
1,-4.28,2.43,-7.41,0,17,20,54,868
1,-3.77,2.08,-7.37,0,17,20,55,939
1,-3.77,2.59,-6.86,0,17,20,56,10
1,-3.88,3.22,-7.73,0,17,20,57,79
1,-3.69,2.47,-7.06,0,17,20,58,149
1,-3.88,2.43,-7.02,0,17,20,59,220
1,-4.98,3.37,-4.90,0,17,21,0,287
1,-4.98,3.02,-7.53,0,17,21,1,355
1,-4.43,2.43,-6.16,0,17,21,2,424
1,-4.20,3.45,-6.47,0,17,21,3,497
1,-4.71,3.06,-6.67,0,17,21,4,566
1,-4.75,3.57,-6.79,0,17,21,5,641
1,-4.47,2.71,-6.79,0,17,21,6,711
1,-4.51,2.28,-6.20,0,17,21,7,783
1,-4.90,2.31,-6.16,0,17,21,8,859
1,-4.79,2.16,-7.06,0,17,21,9,933
1,-4.71,1.80,-6.32,0,17,21,10,5
1,-4.71,1.84,-6.94,0,17,21,11,78
1,-4.67,1.29,-6.63,0,17,21,12,147
1,-4.63,1.88,-7.02,0,17,21,13,219
1,-4.51,1.84,-6.63,0,17,21,14,291
1,-4.67,1.80,-6.32,0,17,21,15,369
1,-4.90,2.16,-6.08,0,17,21,16,451
1,-5.10,2.16,-6.28,0,17,21,17,524
1,-5.10,1.92,-6.55,0,17,21,18,594
1,-5.06,1.88,-6.43,0,17,21,19,671
1,-5.02,1.73,-6.39,0,17,21,20,748
1,-5.02,1.57,-7.34,0,17,21,21,825
1,-4.79,1.88,-7.06,0,17,21,22,900
1,-5.06,1.77,-6.24,0,17,21,23,971
1,-5.33,2.12,-5.73,0,17,21,24,43
1,-5.88,1.80,-5.73,0,17,21,25,112
1,-5.57,2.39,-6.16,0,17,21,26,185
1,-5.30,2.16,-6.63,0,17,21,27,254
1,-5.41,2.47,-5.88,0,17,21,28,326
1,-5.37,2.59,-5.73,0,17,21,29,398
1,-5.96,3.10,-6.12,0,17,21,30,468
1,-5.81,2.35,-6.12,0,17,21,31,536
1,-5.22,3.14,-7.88,0,17,21,32,606
1,-4.67,1.49,-6.39,0,17,21,33,675
1,-4.47,3.41,-7.65,0,17,21,34,745
1,-3.30,3.73,-6.75,0,17,21,35,816
1,-3.73,2.75,-5.73,0,17,21,36,895
1,-4.31,2.94,-6.08,0,17,21,37,967
1,-4.20,3.49,-6.20,0,17,21,38,40
1,-4.28,2.71,-5.96,0,17,21,39,109
1,-4.31,3.02,-5.96,0,17,21,40,178
1,-4.86,3.53,-6.12,0,17,21,41,248
1,-4.90,2.39,-7.06,0,17,21,42,318
1,-5.10,2.55,-7.18,0,17,21,43,388
1,-4.79,2.59,-8.16,0,17,21,44,458
1,-3.84,1.45,-7.41,0,17,21,45,528
1,-3.80,1.61,-8.00,0,17,21,46,600
1,-3.73,1.18,-6.59,0,17,21,47,673
1,-3.65,1.37,-6.75,0,17,21,48,745
1,-3.92,1.22,-7.34,0,17,21,49,814
1,-4.12,1.37,-6.86,0,17,21,50,882
1,-4.35,1.77,-6.39,0,17,21,51,952
1,-4.35,2.08,-6.98,0,17,21,52,21
1,-4.31,1.53,-6.32,0,17,21,53,90
1,-4.67,1.26,-6.71,0,17,21,54,159
1,-4.86,2.00,-6.51,0,17,21,55,233
1,-5.14,2.20,-6.47,0,17,21,56,314
1,-4.79,2.39,-6.83,0,17,21,57,386
1,-4.59,2.67,-7.18,0,17,21,58,457
1,-4.75,2.55,-6.47,0,17,21,59,531
1,-4.20,2.35,-6.47,0,17,22,0,602
1,-3.88,2.63,-7.18,0,17,22,1,672
1,-3.84,2.79,-6.98,0,17,22,2,743
1,-3.96,2.63,-6.32,0,17,22,3,812
1,-4.20,2.67,-7.18,0,17,22,4,890
1,-4.28,2.59,-6.32,0,17,22,5,962
1,-4.31,2.47,-6.20,0,17,22,6,30
1,-4.35,2.51,-6.51,0,17,22,7,93
1,-4.75,2.79,-6.20,0,17,22,8,168
1,-4.86,2.59,-6.83,0,17,22,9,244
1,-4.59,2.51,-6.00,0,17,22,10,313
1,-4.47,2.79,-7.37,0,17,22,11,382
1,-4.47,2.35,-7.34,0,17,22,12,452
1,-4.35,2.08,-7.37,0,17,22,13,529
1,-3.49,1.57,-7.06,0,17,22,14,603
1,-3.80,1.10,-6.67,0,17,22,15,681
1,-3.69,1.26,-7.26,0,17,22,16,758
1,-4.16,1.69,-6.51,0,17,22,17,828
1,-4.24,1.65,-6.71,0,17,22,18,896
1,-4.20,0.90,-6.24,0,17,22,19,965
1,-4.47,1.88,-6.63,0,17,22,20,37
1,-4.59,1.37,-8.08,0,17,22,21,106
1,-4.47,1.69,-7.41,0,17,22,22,181
1,-4.47,2.55,-6.94,0,17,22,23,249
1,-3.96,2.20,-6.63,0,17,22,24,320
1,-3.92,2.55,-6.75,0,17,22,25,395
1,-3.73,2.94,-7.30,0,17,22,26,464
1,-3.73,2.67,-7.14,0,17,22,27,531
1,-3.80,2.43,-6.63,0,17,22,28,601
1,-4.12,2.94,-6.20,0,17,22,29,670
1,-4.20,3.77,-7.57,0,17,22,30,739
1,-3.96,2.55,-7.18,0,17,22,31,808
1,-3.92,2.67,-6.79,0,17,22,32,883
1,-4.16,3.10,-6.71,0,17,22,33,952
1,-4.24,2.98,-6.39,0,17,22,34,19
1,-4.28,2.86,-7.18,0,17,22,35,88
1,-4.16,2.90,-7.14,0,17,22,36,162
1,-3.92,3.53,-6.12,0,17,22,37,231
1,-4.00,3.02,-7.53,0,17,22,38,300
1,-4.20,2.47,-6.71,0,17,22,39,369

