1,-2.63,0.67,-6.90,0,16,58,53,475
1,-2.00,1.06,-7.96,0,16,58,54,552
1,-2.63,0.27,-7.45,0,16,58,55,620
1,-3.06,0.98,-7.45,0,16,58,56,694
1,-3.53,1.49,-7.57,0,16,58,57,766
1,-3.84,0.78,-7.18,0,16,58,58,853
1,-2.20,0.47,-9.73,0,16,58,59,922
1,-1.10,-0.08,-7.61,0,16,59,0,993
1,-0.82,-0.20,-6.94,0,16,59,1,63
1,-0.63,-0.94,-7.73,0,16,59,2,132
1,-0.20,-1.29,-8.55,0,16,59,3,201
1,-0.39,-1.69,-8.39,0,16,59,4,270
1,-1.10,-0.94,-8.04,0,16,59,5,339
1,-1.49,-0.59,-7.10,0,16,59,6,409
1,-1.37,-0.51,-7.34,0,16,59,7,479
1,-1.69,-0.24,-7.34,0,16,59,8,549
1,-1.88,0.00,-7.85,0,16,59,9,616
1,-2.24,0.20,-8.12,0,16,59,10,685
1,-2.28,0.20,-8.71,0,16,59,11,753
1,-1.80,0.94,-8.24,0,16,59,12,822
1,-2.16,1.14,-5.06,0,16,59,13,892
1,-1.02,1.53,-7.53,0,16,59,14,961
1,-1.10,1.45,-7.37,0,16,59,15,30
1,-1.06,1.37,-7.18,0,16,59,16,100
1,-1.92,2.35,-7.85,0,16,59,17,179
1,-2.04,2.28,-8.00,0,16,59,18,255
1,-1.84,2.04,-7.65,0,16,59,19,326
1,-2.16,1.53,-7.53,0,16,59,20,398
1,-2.67,2.04,-6.79,0,16,59,21,474
1,-2.71,1.53,-7.53,0,16,59,22,543
1,-2.63,1.41,-7.49,0,16,59,23,613
1,-2.71,0.71,-7.45,0,16,59,24,684
1,-2.98,1.22,-7.06,0,16,59,25,753
1,-2.94,0.39,-7.69,0,16,59,26,822
1,-2.67,0.12,-8.39,0,16,59,27,891
1,-2.59,0.24,-7.57,0,16,59,28,960
1,-2.43,0.27,-6.94,0,16,59,29,27
1,-2.43,-0.08,-7.18,0,16,59,30,98
1,-2.71,-0.43,-7.34,0,16,59,31,165
1,-2.39,-0.43,-8.39,0,16,59,32,234
1,-2.47,-0.75,-7.65,0,16,59,33,304
1,-2.75,-0.75,-6.79,0,16,59,34,375
1,-3.10,-0.63,-7.06,0,16,59,35,443
1,-3.53,-0.94,-7.41,0,16,59,36,515
1,-3.80,-1.41,-7.06,0,16,59,37,584
1,-3.57,-0.98,-7.26,0,16,59,38,653
1,-3.73,0.00,-7.10,0,16,59,39,723
1,-3.80,0.86,-7.06,0,16,59,40,796
1,-4.04,1.02,-6.86,0,16,59,41,865
1,-4.20,0.90,-5.92,0,16,59,42,934
1,-3.80,0.82,-5.37,0,16,59,43,4
1,-3.53,0.98,-8.36,0,16,59,44,82
1,0.00,1.10,-13.18,0,16,59,45,149
1,0.35,0.31,-7.92,0,16,59,46,223
1,0.00,0.90,-4.20,0,16,59,47,296
1,0.47,3.80,-6.67,0,16,59,48,366
1,1.96,3.69,-10.71,0,16,59,49,436
1,1.49,3.18,-9.92,0,16,59,50,504
1,0.35,2.47,-5.30,0,16,59,51,577
1,-0.31,3.02,-5.84,0,16,59,52,651
1,-0.51,3.26,-7.53,0,16,59,53,721
1,-0.71,2.00,-7.88,0,16,59,54,795
1,-1.02,0.24,-8.08,0,16,59,55,866
1,-0.51,-0.98,-7.85,0,16,59,56,938
1,4.75,-2.94,-13.30,0,16,59,57,7
1,3.02,-1.88,-7.57,0,16,59,58,83
1,2.00,-2.04,-4.82,0,16,59,59,152
1,2.28,-0.39,-7.85,0,17,0,0,229
1,1.41,0.24,-9.77,0,17,0,1,323
1,0.00,0.63,-7.26,0,17,0,2,409
1,-0.98,-0.20,-5.30,0,17,0,3,479
1,-1.37,-0.31,-5.26,0,17,0,4,553
1,-0.71,0.47,-7.77,0,17,0,5,622
1,1.02,1.29,-11.92,0,17,0,6,693
1,1.61,2.28,-14.00,0,17,0,7,761
1,0.08,1.69,-7.26,0,17,0,8,832
1,-0.47,1.61,-4.39,0,17,0,9,902
1,-0.39,1.14,-5.22,0,17,0,10,971
1,1.02,1.84,-6.43,0,17,0,11,46
1,2.04,1.45,-6.83,0,17,0,12,114
1,2.63,1.77,-6.32,0,17,0,13,186
1,2.16,2.39,-7.34,0,17,0,14,261
1,2.51,2.12,-9.02,0,17,0,15,333
1,2.75,1.33,-9.38,0,17,0,16,404
1,6.08,0.00,-11.89,0,17,0,17,474
1,3.18,0.55,-10.94,0,17,0,18,543
1,1.22,-0.43,-5.06,0,17,0,19,614
1,0.86,-1.10,-5.57,0,17,0,20,682
1,0.27,1.29,-4.98,0,17,0,21,754
1,0.00,0.71,-4.55,0,17,0,22,824
1,0.04,1.02,-6.43,0,17,0,23,894
1,0.04,1.10,-9.02,0,17,0,24,963
1,0.27,1.41,-10.04,0,17,0,25,35
1,3.26,1.84,-10.87,0,17,0,26,104
1,3.73,3.33,-14.12,0,17,0,27,173
1,2.67,2.94,-7.85,0,17,0,28,244
1,2.04,3.69,-5.22,0,17,0,29,331
1,0.59,2.63,-5.45,0,17,0,30,405
1,0.04,2.28,-5.33,0,17,0,31,475
1,-0.47,1.49,-5.37,0,17,0,32,560
1,-1.18,0.12,-6.94,0,17,0,33,635
1,-1.29,-0.63,-7.26,0,17,0,34,703
1,-0.59,-0.75,-7.88,0,17,0,35,773
1,3.02,-0.86,-11.06,0,17,0,36,843
1,2.82,0.43,-12.63,0,17,0,37,915
1,2.00,0.90,-7.26,0,17,0,38,986
1,1.84,0.86,-7.30,0,17,0,39,56
1,1.29,1.22,-6.39,0,17,0,40,126
1,0.39,0.78,-4.90,0,17,0,41,199
1,-0.20,0.67,-4.59,0,17,0,42,268
1,-0.78,1.61,-6.98,0,17,0,43,339
1,-0.94,3.33,-9.22,0,17,0,44,408
1,1.22,5.73,-13.77,0,17,0,45,485
1,0.43,4.75,-10.43,0,17,0,46,562
1,-0.04,3.73,-6.00,0,17,0,47,630
1,-0.27,4.98,-5.84,0,17,0,48,701
1,-0.51,3.88,-5.96,0,17,0,49,770
1,-0.43,2.47,-5.18,0,17,0,50,841
1,-1.80,0.90,-4.39,0,17,0,51,910
1,-2.67,0.08,-5.49,0,17,0,52,981
1,-2.94,-0.47,-8.20,0,17,0,53,52
1,-2.20,-1.14,-10.24,0,17,0,54,126
1,-0.51,0.20,-12.75,0,17,0,55,196
1,-1.18,0.71,-7.88,0,17,0,56,295
1,-1.61,0.75,-6.86,0,17,0,57,364
1,-1.22,2.00,-8.16,0,17,0,58,434
1,-1.41,1.29,-5.73,0,17,0,59,513
1,-2.51,1.26,-4.59,0,17,1,0,592
1,-3.41,2.00,-6.55,0,17,1,1,661
1,-3.88,2.86,-8.51,0,17,1,2,729
1,-3.10,4.24,-9.96,0,17,1,3,798
1,-1.41,6.67,-14.12,0,17,1,4,866
1,-0.63,4.24,-7.73,0,17,1,5,936
1,-0.51,2.86,-5.92,0,17,1,6,4
1,-0.24,1.49,-6.12,0,17,1,7,75
1,-1.22,0.35,-5.57,0,17,1,8,144
1,-2.24,0.12,-6.51,0,17,1,9,267
1,-3.14,1.10,-7.49,0,17,1,10,527
1,-2.39,0.43,-7.61,0,17,1,11,596
1,-2.82,-0.04,-7.61,0,17,1,12,665
1,-3.06,-0.27,-6.47,0,17,1,13,735
1,-3.80,0.31,-6.32,0,17,1,14,804
1,-3.84,1.88,-7.22,0,17,1,15,877
1,-3.77,2.67,-7.61,0,17,1,16,946
1,-3.33,2.71,-8.08,0,17,1,17,16
1,-2.71,2.59,-8.36,0,17,1,18,86
1,-3.02,1.84,-7.14,0,17,1,19,161
1,-2.86,1.49,-7.45,0,17,1,20,231
1,-2.98,1.14,-7.30,0,17,1,21,299
1,-3.22,1.41,-7.57,0,17,1,22,370
1,-3.22,1.41,-7.37,0,17,1,23,440
1,-2.24,1.18,-8.32,0,17,1,24,515
1,-2.67,0.55,-7.06,0,17,1,25,583
1,-2.47,0.35,-7.61,0,17,1,26,651
1,-2.55,0.16,-7.49,0,17,1,27,720
1,-2.75,-0.16,-7.45,0,17,1,28,790
1,-2.79,0.08,-7.49,0,17,1,29,862
1,-2.79,0.12,-7.53,0,17,1,30,931
1,-2.90,0.16,-7.49,0,17,1,31,1
1,-2.71,0.00,-7.69,0,17,1,32,75
1,-2.79,-0.08,-7.41,0,17,1,33,143
1,-2.94,-0.04,-7.53,0,17,1,34,213
1,-2.79,0.08,-7.22,0,17,1,35,281
1,-3.10,0.43,-7.65,0,17,1,36,350
1,-3.06,0.24,-7.26,0,17,1,37,427
1,-3.45,0.24,-7.30,0,17,1,38,499
1,-3.45,0.39,-6.98,0,17,1,39,571
1,-3.61,0.82,-7.49,0,17,1,40,644
1,-3.57,0.31,-7.53,0,17,1,41,716
1,-3.57,0.55,-7.26,0,17,1,42,786
1,-3.45,0.39,-7.22,0,17,1,43,856
1,-3.10,0.20,-7.45,0,17,1,44,925
1,-3.33,0.12,-7.45,0,17,1,45,993
1,-3.18,0.16,-7.49,0,17,1,46,63
1,-3.26,0.16,-7.22,0,17,1,47,133
1,-3.18,0.04,-7.34,0,17,1,48,200
1,-3.14,0.00,-7.49,0,17,1,49,270
1,-3.02,-0.08,-7.37,0,17,1,50,352
1,-3.30,0.12,-7.34,0,17,1,51,422
1,-3.18,0.24,-7.49,0,17,1,52,492
1,-3.33,0.31,-7.37,0,17,1,53,563
1,-3.33,0.08,-7.26,0,17,1,54,632
1,-3.30,0.00,-7.30,0,17,1,55,701
1,-3.30,0.16,-7.14,0,17,1,56,770
1,-3.45,0.27,-7.22,0,17,1,57,843
1,-3.57,0.00,-7.06,0,17,1,58,912
1,-4.71,0.39,-7.34,0,17,1,59,985
1,-3.84,0.67,-7.26,0,17,2,0,55
1,-4.00,0.71,-6.86,0,17,2,1,127
1,-4.20,0.08,-7.26,0,17,2,2,198
1,-4.24,0.31,-7.22,0,17,2,3,267
1,-4.12,0.27,-7.02,0,17,2,4,335
1,-4.12,0.31,-7.10,0,17,2,5,407
1,-4.00,0.47,-7.06,0,17,2,6,477
1,-4.35,0.47,-7.18,0,17,2,7,566
1,-4.16,0.51,-7.10,0,17,2,8,635
1,-4.00,0.51,-7.30,0,17,2,9,706
1,-4.00,0.51,-7.10,0,17,2,10,779
1,-4.04,0.47,-7.18,0,17,2,11,848
1,-4.08,0.47,-7.26,0,17,2,12,918
1,-4.08,0.47,-7.18,0,17,2,13,989
1,-4.08,0.47,-7.22,0,17,2,14,58
1,-4.00,0.35,-6.98,0,17,2,15,134
1,-3.96,0.39,-6.94,0,17,2,16,201
1,-4.12,0.43,-7.10,0,17,2,17,270
1,-4.12,0.35,-6.98,0,17,2,18,338
1,-4.16,0.31,-6.98,0,17,2,19,408
1,-4.20,0.31,-7.18,0,17,2,20,477
1,-4.20,0.39,-7.14,0,17,2,21,547
1,-4.16,0.35,-6.94,0,17,2,22,618
1,-4.16,0.35,-7.10,0,17,2,23,687
1,-4.20,0.43,-7.10,0,17,2,24,756
1,-4.20,0.51,-6.83,0,17,2,25,828
1,-4.28,0.63,-7.14,0,17,2,26,897
1,-4.20,0.71,-7.02,0,17,2,27,966
1,-4.20,0.78,-7.18,0,17,2,28,35
1,-4.31,0.67,-6.90,0,17,2,29,103
1,-4.39,0.71,-6.86,0,17,2,30,170
1,-4.43,0.67,-7.02,0,17,2,31,239
1,-4.55,0.35,-6.90,0,17,2,32,310
1,-4.43,0.71,-6.90,0,17,2,33,379
1,-4.35,0.67,-6.83,0,17,2,34,450
1,-4.28,0.59,-7.41,0,17,2,35,520
1,-4.08,0.63,-7.41,0,17,2,36,598
1,-4.20,0.39,-6.71,0,17,2,37,670
1,-4.31,0.43,-7.06,0,17,2,38,741
1,-4.00,0.43,-6.98,0,17,2,39,813
1,-4.20,0.59,-6.98,0,17,2,40,882
1,-4.20,0.98,-6.98,0,17,2,41,950
1,-4.51,0.78,-7.02,0,17,2,42,20
1,-4.94,0.98,-7.10,0,17,2,43,89
1,-4.67,1.06,-7.14,0,17,2,44,166
1,-4.47,0.71,-6.39,0,17,2,45,235
1,-4.39,0.67,-6.55,0,17,2,46,303
1,-4.63,0.47,-6.55,0,17,2,47,373
1,-4.63,0.82,-6.59,0,17,2,48,443
1,-4.28,0.90,-7.02,0,17,2,49,514
1,-4.59,0.82,-6.94,0,17,2,50,588
1,-4.59,0.82,-6.98,0,17,2,51,659
1,-4.71,0.78,-6.86,0,17,2,52,728
1,-4.71,0.71,-6.98,0,17,2,53,799
1,-4.43,0.67,-6.75,0,17,2,54,868
1,-4.20,1.10,-7.26,0,17,2,55,935
1,-4.31,1.06,-6.83,0,17,2,56,6
1,-4.43,0.75,-6.86,0,17,2,57,76
1,-4.39,0.82,-7.14,0,17,2,58,149
1,-4.31,0.82,-6.98,0,17,2,59,217
1,-4.24,0.67,-6.67,0,17,3,0,288
1,-4.24,0.67,-7.10,0,17,3,1,358
1,-4.28,0.51,-7.22,0,17,3,2,428
1,-4.20,0.75,-7.06,0,17,3,3,497
1,-4.08,0.63,-6.94,0,17,3,4,566
1,-4.16,0.71,-7.02,0,17,3,5,638
1,-4.24,0.67,-7.02,0,17,3,6,710
1,-4.24,0.71,-7.10,0,17,3,7,782
1,-4.39,0.78,-7.02,0,17,3,8,853
1,-4.31,0.78,-6.98,0,17,3,9,922
1,-4.39,0.82,-7.06,0,17,3,10,991
1,-4.39,0.90,-6.63,0,17,3,11,61
1,-3.92,1.18,-7.22,0,17,3,12,132
1,-4.24,1.57,-6.83,0,17,3,13,201
1,-4.43,1.45,-6.98,0,17,3,14,272
1,-3.84,1.26,-7.53,0,17,3,15,343
1,-4.08,0.55,-6.83,0,17,3,16,411
1,-4.20,0.31,-7.30,0,17,3,17,480
1,-4.31,0.16,-6.90,0,17,3,18,550
1,-4.43,0.08,-7.34,0,17,3,19,619
1,-4.28,0.59,-7.22,0,17,3,20,688
1,-4.20,0.82,-6.79,0,17,3,21,756
1,-4.24,0.78,-7.18,0,17,3,22,826
1,-4.16,0.75,-7.18,0,17,3,23,895
1,-4.24,0.63,-7.02,0,17,3,24,973
1,-4.24,0.55,-6.83,0,17,3,25,42
1,-4.20,0.63,-6.98,0,17,3,26,110
1,-4.16,0.78,-7.18,0,17,3,27,182
1,-4.08,0.67,-6.94,0,17,3,28,264
1,-4.08,0.78,-7.02,0,17,3,29,332
1,-4.08,0.67,-7.14,0,17,3,30,402
1,-4.08,0.82,-7.10,0,17,3,31,472
1,-4.04,0.75,-7.22,0,17,3,32,541
1,-4.04,0.59,-7.14,0,17,3,33,613
1,-3.96,0.67,-6.94,0,17,3,34,683
1,-4.04,0.71,-7.06,0,17,3,35,752
1,-4.12,0.71,-7.22,0,17,3,36,827
1,-4.04,0.63,-7.18,0,17,3,37,897
1,-4.00,0.86,-7.06,0,17,3,38,969
1,-4.04,0.71,-7.06,0,17,3,39,41
1,-4.08,0.67,-7.06,0,17,3,40,110
1,-4.08,0.59,-6.98,0,17,3,41,179
1,-4.08,0.63,-7.14,0,17,3,42,248
1,-4.00,0.67,-6.94,0,17,3,43,324
1,-4.04,0.63,-7.06,0,17,3,44,394
1,-4.04,0.55,-7.26,0,17,3,45,463
1,-4.08,0.59,-6.94,0,17,3,46,532
1,-4.00,0.63,-6.90,0,17,3,47,601
1,-4.16,0.71,-7.18,0,17,3,48,670
1,-4.04,0.67,-7.14,0,17,3,49,738
1,-4.04,0.67,-7.10,0,17,3,50,806
1,-4.04,0.63,-7.06,0,17,3,51,875
1,-4.08,0.55,-7.34,0,17,3,52,946
1,-4.00,0.71,-7.02,0,17,3,53,16
1,-3.96,0.63,-7.22,0,17,3,54,85
1,-3.96,0.51,-7.06,0,17,3,55,154
1,-3.96,0.63,-7.10,0,17,3,56,231
1,-3.96,0.67,-7.02,0,17,3,57,300
1,-4.04,0.71,-7.22,0,17,3,58,370
1,-4.00,0.71,-7.22,0,17,3,59,439
1,-3.96,0.71,-7.06,0,17,4,0,508
1,-3.96,0.71,-7.06,0,17,4,1,576
1,-3.96,0.67,-7.14,0,17,4,2,644
1,-4.00,0.75,-6.98,0,17,4,3,716
1,-4.00,0.71,-7.10,0,17,4,4,784
1,-4.04,0.67,-7.22,0,17,4,5,856
1,-3.96,0.67,-7.06,0,17,4,6,924
1,-3.96,0.67,-7.10,0,17,4,7,996
1,-4.00,0.67,-6.98,0,17,4,8,79
1,-4.00,0.71,-7.18,0,17,4,9,150
1,-4.04,0.71,-7.14,0,17,4,10,218
1,-4.00,0.67,-7.06,0,17,4,11,294
1,-3.96,0.67,-7.18,0,17,4,12,364
1,-4.00,0.71,-7.06,0,17,4,13,436
1,-4.04,0.75,-7.14,0,17,4,14,508
1,-3.88,0.51,-7.10,0,17,4,15,577
1,-3.92,0.59,-7.02,0,17,4,16,647
1,-3.96,0.67,-7.18,0,17,4,17,717
1,-4.04,0.75,-7.22,0,17,4,18,787
1,-4.08,0.71,-7.18,0,17,4,19,855
1,-4.04,0.67,-7.14,0,17,4,20,925
1,-3.96,0.51,-7.22,0,17,4,21,995
1,-3.92,0.59,-7.14,0,17,4,22,63
1,-3.88,0.67,-7.10,0,17,4,23,132
1,-3.84,0.78,-7.10,0,17,4,24,201
1,-3.88,0.75,-7.30,0,17,4,25,269
1,-3.88,0.71,-7.30,0,17,4,26,340
1,-3.88,0.59,-7.22,0,17,4,27,410
1,-3.77,0.59,-7.26,0,17,4,28,479
1,-3.88,0.63,-7.14,0,17,4,29,547
1,-3.84,0.78,-7.18,0,17,4,30,615
1,-3.88,0.82,-7.18,0,17,4,31,685
1,-3.96,0.75,-7.22,0,17,4,32,753
1,-3.92,0.75,-7.18,0,17,4,33,824
1,-3.92,0.82,-7.14,0,17,4,34,892
1,-3.92,0.82,-7.02,0,17,4,35,960
1,-3.92,0.71,-7.30,0,17,4,36,31
1,-3.96,0.59,-7.06,0,17,4,37,100
1,-3.96,0.75,-7.06,0,17,4,38,178
1,-3.96,0.75,-7.10,0,17,4,39,249
1,-3.96,0.82,-7.22,0,17,4,40,323
1,-4.12,0.86,-7.10,0,17,4,41,390
1,-4.04,0.78,-7.02,0,17,4,42,459
1,-4.00,0.78,-7.10,0,17,4,43,526
1,-4.00,0.75,-6.98,0,17,4,44,597
1,-3.96,0.78,-7.14,0,17,4,45,666
1,-3.96,0.67,-7.26,0,17,4,46,735
1,-4.00,0.78,-7.10,0,17,4,47,804
1,-3.73,0.75,-6.39,0,17,4,48,871
1,-4.00,0.43,-7.57,0,17,4,49,941
1,-4.20,0.75,-7.02,0,17,4,50,11
1,-3.92,0.59,-7.22,0,17,4,51,81
1,-4.00,0.55,-7.02,0,17,4,52,151
1,-3.96,0.67,-7.18,0,17,4,53,220
1,-4.00,0.67,-7.22,0,17,4,54,365
1,-3.96,0.55,-7.10,0,17,4,55,435
1,-4.04,0.71,-7.14,0,17,4,56,505
1,-4.04,0.71,-7.26,0,17,4,57,575
1,-3.96,0.71,-7.14,0,17,4,58,643
1,-4.04,0.67,-7.02,0,17,4,59,714
1,-4.04,0.63,-7.14,0,17,5,0,784
1,-4.12,0.67,-7.30,0,17,5,1,853
1,-4.04,0.59,-7.02,0,17,5,2,923
1,-4.08,0.71,-7.26,0,17,5,3,992
1,-4.20,0.71,-7.18,0,17,5,4,63
1,-4.39,0.67,-7.14,0,17,5,5,131
1,-4.35,0.59,-6.98,0,17,5,6,205
1,-4.31,0.59,-6.83,0,17,5,7,276
1,-4.31,0.71,-6.79,0,17,5,8,349
1,-4.55,0.63,-6.90,0,17,5,9,417
1,-4.55,0.51,-6.35,0,17,5,10,485
1,-4.90,0.67,-7.45,0,17,5,11,557
1,-5.02,0.71,-6.75,0,17,5,12,628
1,-4.63,0.55,-7.06,0,17,5,13,702
1,-4.75,0.51,-6.86,0,17,5,14,771
1,-4.59,0.67,-6.75,0,17,5,15,844
1,-4.63,0.67,-6.71,0,17,5,16,915
1,-4.79,0.75,-6.83,0,17,5,17,985
1,-4.86,0.67,-7.06,0,17,5,18,52
1,-5.10,0.86,-6.90,0,17,5,19,121
1,-5.30,0.67,-7.41,0,17,5,20,190
1,-6.00,0.78,-7.61,0,17,5,21,260
1,-6.71,0.82,-7.14,0,17,5,22,341
1,-6.86,0.43,-5.88,0,17,5,23,426
1,-6.47,0.75,-5.77,0,17,5,24,495
1,-6.28,0.82,-5.14,0,17,5,25,564
1,-6.94,0.51,-4.86,0,17,5,26,633
1,-7.45,0.86,-3.88,0,17,5,27,711
1,-8.00,0.82,-3.84,0,17,5,28,781
1,-8.00,1.02,-3.26,0,17,5,29,849
1,-7.92,1.37,-2.98,0,17,5,30,918
1,-8.08,1.49,-2.71,0,17,5,31,987
1,-8.63,1.22,-2.79,0,17,5,32,58
1,-8.90,1.10,-2.47,0,17,5,33,128
1,-8.83,1.18,-2.51,0,17,5,34,202
1,-8.98,0.86,-2.39,0,17,5,35,272
1,-9.14,1.06,-2.16,0,17,5,36,342
1,-9.49,0.94,-2.04,0,17,5,37,411
1,-9.57,0.98,-2.00,0,17,5,38,479
1,-9.57,0.82,-1.96,0,17,5,39,552
1,-9.53,0.82,-1.49,0,17,5,40,622
1,-9.49,0.63,-0.90,0,17,5,41,704
1,-9.38,0.78,-0.94,0,17,5,42,775
1,-9.34,1.14,-0.75,0,17,5,43,846
1,-9.38,1.06,-0.51,0,17,5,44,914
1,-9.65,1.14,-0.16,0,17,5,45,990
1,-9.73,1.18,-0.04,0,17,5,46,63
1,-9.49,1.10,0.08,0,17,5,47,134
1,-9.49,1.18,0.35,0,17,5,48,207
1,-9.69,1.10,0.27,0,17,5,49,277
1,-9.85,1.18,0.31,0,17,5,50,350
1,-9.85,1.10,0.04,0,17,5,51,425
1,-9.96,1.10,0.00,0,17,5,52,494
1,-9.81,1.02,0.04,0,17,5,53,567
1,-9.89,1.02,0.08,0,17,5,54,639
1,-9.81,0.94,0.12,0,17,5,55,707
1,-9.73,1.02,0.12,0,17,5,56,778
1,-9.81,1.14,0.04,0,17,5,57,849
1,-9.85,1.10,-0.08,0,17,5,58,917
1,-9.81,1.10,0.04,0,17,5,59,986
1,-9.89,1.10,0.00,0,17,6,0,62
1,-10.04,1.10,0.00,0,17,6,1,131
1,-10.08,1.02,0.04,0,17,6,2,207
1,-9.34,0.86,0.08,0,17,6,3,284
1,-9.53,1.06,-0.08,0,17,6,4,354
1,-9.73,0.98,-0.24,0,17,6,5,422
1,-9.81,0.94,-0.16,0,17,6,6,492
1,-9.61,1.10,0.12,0,17,6,7,561
1,-9.73,0.90,0.12,0,17,6,8,632
1,-9.85,1.02,-0.20,0,17,6,9,709
1,-9.96,1.02,0.00,0,17,6,10,778
1,-9.96,1.02,-0.04,0,17,6,11,847
1,-9.81,1.10,-0.24,0,17,6,12,920
1,-9.77,1.14,-0.24,0,17,6,13,991
1,-9.73,1.22,0.04,0,17,6,14,59
1,-9.61,1.10,0.04,0,17,6,15,127
1,-9.85,0.86,-0.24,0,17,6,16,200
1,-9.96,0.94,-0.47,0,17,6,17,270
1,-9.77,0.90,-0.39,0,17,6,18,345
1,-9.69,0.94,-0.20,0,17,6,19,414
1,-9.69,1.10,-0.16,0,17,6,20,484
1,-9.65,1.18,-0.27,0,17,6,21,561
1,-9.69,1.14,-0.24,0,17,6,22,634
1,-9.65,0.98,-0.04,0,17,6,23,703
1,-9.65,1.18,-0.20,0,17,6,24,774
1,-9.57,1.18,-0.24,0,17,6,25,844
1,-9.57,1.29,-0.20,0,17,6,26,913
1,-9.65,1.22,-0.08,0,17,6,27,982
1,-9.85,1.18,-0.24,0,17,6,28,51
1,-9.41,1.22,-0.63,0,17,6,29,122
1,-9.53,1.45,-0.20,0,17,6,30,190
1,-9.77,0.98,-0.98,0,17,6,31,261
1,-10.00,1.02,-0.71,0,17,6,32,331
1,-10.00,1.02,-0.63,0,17,6,33,402
1,-9.85,1.06,-1.14,0,17,6,34,471
1,-9.61,1.10,-1.14,0,17,6,35,539
1,-9.61,1.06,-0.67,0,17,6,36,609
1,-9.53,0.98,-0.67,0,17,6,37,679
1,-9.65,1.14,-0.78,0,17,6,38,750
1,-9.65,1.10,-0.86,0,17,6,39,818
1,-9.61,1.06,-0.94,0,17,6,40,892
1,-9.69,1.06,-0.82,0,17,6,41,963
1,-9.65,0.98,-0.71,0,17,6,42,33
1,-9.69,1.18,-1.02,0,17,6,43,102
1,-9.69,1.26,-0.78,0,17,6,44,171
1,-9.65,1.06,-0.75,0,17,6,45,241
1,-9.49,0.90,-0.55,0,17,6,46,313
1,-9.57,0.98,-0.59,0,17,6,47,382
1,-9.61,0.90,-0.86,0,17,6,48,453
1,-9.69,1.29,-1.02,0,17,6,49,521
1,-9.73,1.33,-1.06,0,17,6,50,590
1,-9.69,1.26,-0.86,0,17,6,51,659
1,-9.57,1.18,-0.59,0,17,6,52,737
1,-9.69,1.26,-0.43,0,17,6,53,807
1,-9.61,1.26,-0.51,0,17,6,54,875
1,-9.65,1.18,-0.51,0,17,6,55,945
1,-9.65,1.14,-0.43,0,17,6,56,15
1,-9.69,1.10,-0.71,0,17,6,57,86
1,-9.77,1.10,-0.51,0,17,6,58,154
1,-9.69,1.10,-0.43,0,17,6,59,224
1,-9.73,1.10,-0.55,0,17,7,0,295
1,-9.65,1.10,-0.59,0,17,7,1,365
1,-9.69,1.26,-0.31,0,17,7,2,435
1,-9.61,1.18,-0.55,0,17,7,3,502
1,-9.69,1.02,-0.55,0,17,7,4,573
1,-9.69,0.98,-0.51,0,17,7,5,641
1,-9.73,1.10,-0.51,0,17,7,6,711
1,-9.77,1.14,-0.51,0,17,7,7,779
1,-9.69,1.06,-0.55,0,17,7,8,847
1,-9.65,1.14,-0.51,0,17,7,9,916
1,-9.73,1.14,-0.55,0,17,7,10,985
1,-9.69,1.06,-0.43,0,17,7,11,54
1,-9.81,1.10,-0.59,0,17,7,12,124
1,-9.65,1.02,-0.67,0,17,7,13,198
1,-9.73,1.18,-0.43,0,17,7,14,270
1,-9.69,1.10,-0.39,0,17,7,15,341
1,-9.69,1.18,-0.71,0,17,7,16,411
1,-9.73,1.14,-0.51,0,17,7,17,479
1,-9.73,1.22,-0.59,0,17,7,18,547
1,-9.73,1.10,-0.63,0,17,7,19,617
1,-9.65,1.06,-0.67,0,17,7,20,687
1,-9.77,1.22,-0.55,0,17,7,21,755
1,-9.65,1.10,-0.59,0,17,7,22,823
1,-9.77,1.10,-0.47,0,17,7,23,902
1,-9.73,1.10,-0.55,0,17,7,24,976
1,-9.73,1.02,-0.59,0,17,7,25,49
1,-9.65,1.10,-0.63,0,17,7,26,118
1,-9.61,1.18,-0.67,0,17,7,27,187
1,-9.65,1.14,-0.59,0,17,7,28,258
1,-9.65,1.10,-0.39,0,17,7,29,328
1,-9.73,1.14,-0.59,0,17,7,30,398
1,-9.73,1.10,-0.59,0,17,7,31,469
1,-9.73,1.10,-0.51,0,17,7,32,538
1,-9.69,1.18,-0.24,0,17,7,33,606
1,-9.69,1.10,-0.43,0,17,7,34,674
1,-9.73,1.06,-0.59,0,17,7,35,743
1,-9.69,1.14,-0.39,0,17,7,36,812
1,-9.73,1.06,-0.51,0,17,7,37,880
1,-9.77,1.18,-0.55,0,17,7,38,950
1,-9.69,1.22,-0.43,0,17,7,39,20
1,-9.73,1.10,-0.39,0,17,7,40,90
1,-9.65,1.06,-0.39,0,17,7,41,163
1,-9.69,1.18,-0.35,0,17,7,42,232
1,-9.77,1.14,-0.39,0,17,7,43,301
1,-9.77,1.10,-0.67,0,17,7,44,371
1,-9.73,1.26,-0.43,0,17,7,45,440
1,-9.73,1.06,-0.43,0,17,7,46,510
1,-9.77,1.10,-0.35,0,17,7,47,580
1,-9.69,1.14,-0.59,0,17,7,48,652
1,-9.73,1.14,-0.51,0,17,7,49,721
1,-9.57,1.02,-0.35,0,17,7,50,794
1,-9.65,1.14,-0.47,0,17,7,51,868
1,-9.69,1.02,-0.51,0,17,7,52,937
1,-9.81,1.06,-0.55,0,17,7,53,10
1,-9.77,1.22,-0.47,0,17,7,54,100
1,-9.73,1.18,-0.55,0,17,7,55,176
1,-9.61,1.18,-0.43,0,17,7,56,246
1,-9.65,1.18,-0.39,0,17,7,57,314
1,-9.61,1.14,-0.35,0,17,7,58,385
1,-9.65,1.10,-0.39,0,17,7,59,454
1,-9.73,1.14,-0.43,0,17,8,0,523
1,-9.85,1.18,-0.75,0,17,8,1,595
1,-9.81,1.18,-0.63,0,17,8,2,666
1,-9.73,1.29,-0.55,0,17,8,3,736
1,-9.65,1.10,-0.20,0,17,8,4,804
1,-9.10,1.14,0.00,0,17,8,5,872
1,-9.92,1.49,-0.71,0,17,8,6,940
1,-9.69,1.10,-0.67,0,17,8,7,9
1,-9.61,1.06,-0.67,0,17,8,8,86
1,-9.73,1.06,-0.43,0,17,8,9,157
1,-9.65,1.14,-0.47,0,17,8,10,226
1,-9.69,1.22,-0.55,0,17,8,11,296
1,-9.69,1.22,-0.55,0,17,8,12,367
1,-9.61,1.06,-0.47,0,17,8,13,437
1,-9.77,1.18,-0.47,0,17,8,14,507
1,-9.81,1.33,-0.63,0,17,8,15,576
1,-9.73,1.33,-0.55,0,17,8,16,646
1,-9.69,1.18,-0.51,0,17,8,17,716
1,-9.65,1.06,-0.43,0,17,8,18,785
1,-9.69,1.18,-0.51,0,17,8,19,853
1,-9.65,1.10,-0.51,0,17,8,20,922
1,-9.73,1.14,-0.51,0,17,8,21,992
1,-9.61,1.06,-0.43,0,17,8,22,62
1,-9.73,0.98,-0.47,0,17,8,23,130
1,-9.69,1.02,-0.59,0,17,8,24,198
1,-9.57,1.06,-0.78,0,17,8,25,268
1,-9.73,1.22,-0.51,0,17,8,26,337
1,-9.73,1.22,-0.47,0,17,8,27,407
1,-9.73,1.22,-0.63,0,17,8,28,477
1,-9.65,1.26,-0.35,0,17,8,29,546
1,-9.73,1.22,-0.47,0,17,8,30,614
1,-9.73,1.22,-0.55,0,17,8,31,684
1,-9.69,1.22,-0.31,0,17,8,32,754
1,-9.69,1.26,-0.55,0,17,8,33,823
1,-9.69,1.10,-0.39,0,17,8,34,892
1,-9.73,1.22,-0.47,0,17,8,35,971
1,-9.85,1.26,-0.39,0,17,8,36,39
1,-9.69,1.18,-0.51,0,17,8,37,107
1,-9.61,1.10,-0.35,0,17,8,38,177
1,-9.73,1.10,-0.43,0,17,8,39,261
1,-9.73,1.29,-0.43,0,17,8,40,330
1,-9.69,1.14,-0.43,0,17,8,41,400
1,-9.73,1.22,-0.27,0,17,8,42,479
1,-9.73,1.22,-0.47,0,17,8,43,549
1,-9.73,1.22,-0.47,0,17,8,44,621
1,-9.73,1.22,-0.39,0,17,8,45,690
1,-9.73,1.14,-0.43,0,17,8,46,760
1,-9.69,1.06,-0.55,0,17,8,47,829
1,-9.77,1.22,-0.31,0,17,8,48,901
1,-9.73,1.22,-0.47,0,17,8,49,968
1,-9.73,1.18,-0.39,0,17,8,50,39
1,-9.69,1.14,-0.39,0,17,8,51,108
1,-9.73,1.10,-0.43,0,17,8,52,176
1,-9.77,1.22,-0.47,0,17,8,53,245
1,-9.69,1.22,-0.43,0,17,8,54,316
1,-9.73,1.14,-0.39,0,17,8,55,387
1,-9.73,1.10,-0.31,0,17,8,56,458
1,-9.73,1.26,-0.43,0,17,8,57,528
1,-9.65,1.22,-0.31,0,17,8,58,596
1,-9.65,1.14,-0.20,0,17,8,59,668
1,-9.69,1.18,-0.27,0,17,9,0,737
1,-9.73,1.18,-0.39,0,17,9,1,807
1,-9.77,1.22,-0.39,0,17,9,2,878
1,-9.77,1.22,-0.39,0,17,9,3,962
1,-9.73,1.10,-0.35,0,17,9,4,30
1,-9.77,1.10,-0.31,0,17,9,5,99
1,-9.77,1.06,-0.39,0,17,9,6,168
1,-9.89,1.06,-0.47,0,17,9,7,238
1,-9.69,1.14,-0.31,0,17,9,8,307
1,-9.65,1.10,-0.24,0,17,9,9,375
1,-9.77,1.14,-0.20,0,17,9,10,445
1,-9.85,1.14,-0.59,0,17,9,11,513
1,-9.89,1.14,-0.47,0,17,9,12,581
1,-9.65,1.14,-0.35,0,17,9,13,651
1,-9.69,1.22,-0.35,0,17,9,14,720
1,-9.73,1.06,-0.35,0,17,9,15,797
1,-9.85,1.14,-0.43,0,17,9,16,865
1,-9.73,1.22,-0.47,0,17,9,17,933
1,-9.69,1.22,-0.51,0,17,9,18,2
1,-9.65,1.10,-0.31,0,17,9,19,77
1,-9.73,1.18,-0.16,0,17,9,20,145
1,-9.85,1.26,-0.35,0,17,9,21,213
1,-9.89,1.22,-0.31,0,17,9,22,285
1,-9.77,1.26,-0.27,0,17,9,23,354
1,-9.77,1.29,-0.20,0,17,9,24,423
1,-9.81,0.94,-0.67,0,17,9,25,494
1,-10.00,1.18,-0.12,0,17,9,26,563
1,-9.69,1.18,-0.47,0,17,9,27,631
1,-9.85,1.18,-0.35,0,17,9,28,699
1,-9.85,1.10,-0.39,0,17,9,29,768
1,-9.65,1.06,-0.08,0,17,9,30,838
1,-9.61,1.26,-0.16,0,17,9,31,913
1,-9.69,1.06,-0.24,0,17,9,32,985
1,-9.81,1.22,-0.08,0,17,9,33,55
1,-9.85,1.14,-0.31,0,17,9,34,122
1,-9.81,1.26,-0.51,0,17,9,35,192
1,-9.81,1.26,-0.39,0,17,9,36,260
1,-9.69,1.22,-0.39,0,17,9,37,331
1,-9.65,1.18,-0.31,0,17,9,38,408
1,-9.65,1.18,-0.31,0,17,9,39,489
1,-9.77,1.26,-0.55,0,17,9,40,558
1,-9.85,1.29,-0.39,0,17,9,41,628
1,-9.85,1.26,-0.39,0,17,9,42,697
1,-9.77,1.14,-0.47,0,17,9,43,769
1,-9.69,1.22,-0.31,0,17,9,44,843
1,-9.77,1.18,-0.31,0,17,9,45,912
1,-9.73,1.14,-0.27,0,17,9,46,982
1,-9.77,1.18,-0.51,0,17,9,47,49
1,-9.73,1.14,-0.39,0,17,9,48,120
1,-9.85,1.33,-0.39,0,17,9,49,193
1,-9.81,1.26,-0.20,0,17,9,50,261
1,-9.85,1.26,-0.31,0,17,9,51,330
1,-9.73,1.18,-0.43,0,17,9,52,400
1,-9.69,1.10,-0.12,0,17,9,53,472
1,-9.65,1.22,-0.08,0,17,9,54,544
1,-9.69,1.29,-0.12,0,17,9,55,614
1,-9.89,1.18,-0.24,0,17,9,56,684
1,-9.85,1.26,-0.24,0,17,9,57,753
1,-9.77,1.22,-0.04,0,17,9,58,822
1,-9.77,1.26,-0.39,0,17,9,59,891
1,-9.77,1.18,-0.12,0,17,10,0,959
1,-9.81,1.18,-0.20,0,17,10,1,30
1,-9.85,1.29,-0.12,0,17,10,2,98
1,-9.81,1.29,-0.31,0,17,10,3,166
1,-9.77,1.18,-0.04,0,17,10,4,236
1,-9.77,1.14,-0.08,0,17,10,5,307
1,-9.73,1.33,-0.35,0,17,10,6,374
1,-9.81,1.14,-0.04,0,17,10,7,456
1,-9.89,1.14,-0.08,0,17,10,8,527
1,-9.81,1.22,-0.43,0,17,10,9,597
1,-9.73,1.29,-0.08,0,17,10,10,666
1,-9.77,1.18,0.00,0,17,10,11,736
1,-9.81,1.14,-0.31,0,17,10,12,805
1,-9.85,1.22,-0.12,0,17,10,13,883
1,-9.77,1.18,-0.08,0,17,10,14,951
1,-9.73,1.22,-0.16,0,17,10,15,19
1,-9.65,1.29,0.04,0,17,10,16,88
1,-9.77,1.26,-0.04,0,17,10,17,159
1,-9.73,1.22,-0.12,0,17,10,18,244
1,-9.89,1.22,-0.20,0,17,10,19,314
1,-9.85,1.22,-0.20,0,17,10,20,382
1,-9.73,1.26,-0.24,0,17,10,21,451
1,-9.77,1.26,-0.04,0,17,10,22,521
1,-9.77,1.26,-0.04,0,17,10,23,591
1,-9.77,1.22,-0.04,0,17,10,24,660
1,-9.73,1.26,0.00,0,17,10,25,729
1,-9.89,1.22,-0.08,0,17,10,26,798
1,-9.77,1.14,-0.20,0,17,10,27,867
1,-9.85,1.18,-0.04,0,17,10,28,935
1,-9.81,1.26,-0.12,0,17,10,29,10
1,-9.77,1.22,-0.08,0,17,10,30,94
1,-9.81,1.26,0.00,0,17,10,31,164
1,-9.85,1.22,-0.20,0,17,10,32,233
1,-9.81,1.14,-0.16,0,17,10,33,302
1,-9.81,1.10,0.04,0,17,10,34,370
1,-9.77,1.29,-0.08,0,17,10,35,439
1,-9.77,1.22,-0.20,0,17,10,36,508
1,-9.81,1.14,-0.04,0,17,10,37,593
1,-9.89,1.29,-0.04,0,17,10,38,662
1,-9.77,1.14,-0.12,0,17,10,39,731
1,-9.81,1.26,-0.12,0,17,10,40,807
1,-9.81,1.22,-0.16,0,17,10,41,876
1,-9.77,1.29,0.00,0,17,10,42,946
1,-9.73,1.29,-0.08,0,17,10,43,15
1,-9.77,1.10,-0.16,0,17,10,44,85
1,-9.77,1.22,-0.12,0,17,10,45,154
1,-9.81,1.22,-0.04,0,17,10,46,223
1,-9.81,1.18,-0.27,0,17,10,47,294
1,-9.89,1.14,-0.20,0,17,10,48,363
1,-9.73,1.18,-0.16,0,17,10,49,433
1,-9.77,1.26,-0.24,0,17,10,50,501
1,-9.77,1.29,-0.16,0,17,10,51,569
1,-9.77,1.18,-0.04,0,17,10,52,639
1,-9.89,1.26,-0.16,0,17,10,53,708
1,-9.85,1.33,-0.04,0,17,10,54,777
1,-9.81,1.22,-0.39,0,17,10,55,846
1,-9.77,1.14,-0.08,0,17,10,56,914
1,-9.81,1.14,-0.20,0,17,10,57,983
1,-9.69,1.26,-0.16,0,17,10,58,51
1,-9.73,1.29,-0.08,0,17,10,59,121
1,-9.73,1.26,-0.12,0,17,11,0,190
1,-9.81,1.10,-0.16,0,17,11,1,260
1,-9.89,1.26,-0.24,0,17,11,2,328
1,-9.77,1.18,-0.31,0,17,11,3,397
1,-9.65,1.22,-0.16,0,17,11,4,467
1,-9.69,1.29,-0.20,0,17,11,5,535
1,-9.77,1.18,-0.20,0,17,11,6,604
1,-9.85,1.18,-0.08,0,17,11,7,674
1,-9.92,1.26,-0.43,0,17,11,8,742
1,-9.77,1.22,-0.47,0,17,11,9,813
1,-9.69,1.14,-0.12,0,17,11,10,888
1,-9.81,1.06,-0.20,0,17,11,11,960
1,-9.81,1.14,-0.24,0,17,11,12,30
1,-9.73,1.18,-0.24,0,17,11,13,99
1,-9.73,1.26,-0.24,0,17,11,14,172
1,-9.73,1.29,-0.31,0,17,11,15,241
1,-9.73,1.29,-0.16,0,17,11,16,309
1,-9.85,1.26,-0.20,0,17,11,17,379
1,-9.85,1.22,-0.35,0,17,11,18,449
1,-9.77,1.29,-0.31,0,17,11,19,516
1,-9.77,1.29,-0.16,0,17,11,20,585
1,-9.81,1.26,-0.31,0,17,11,21,655
1,-9.77,1.26,-0.35,0,17,11,22,724
1,-9.73,1.29,-0.04,0,17,11,23,793
1,-9.65,1.22,-0.27,0,17,11,24,863
1,-9.73,1.26,-0.16,0,17,11,25,933
1,-9.81,1.22,-0.08,0,17,11,26,0
1,-9.73,1.33,-0.27,0,17,11,27,73
1,-9.73,1.29,0.00,0,17,11,28,144
1,-9.77,1.29,-0.12,0,17,11,29,218
1,-9.77,1.26,-0.24,0,17,11,30,294
1,-9.77,1.26,-0.08,0,17,11,31,365
1,-9.73,1.22,-0.24,0,17,11,32,434
1,-9.77,1.18,-0.16,0,17,11,33,503
1,-9.85,1.22,-0.24,0,17,11,34,577
1,-9.77,1.26,-0.24,0,17,11,35,655
1,-9.73,1.26,-0.16,0,17,11,36,724
1,-9.73,1.26,-0.12,0,17,11,37,809
1,-9.77,1.18,-0.24,0,17,11,38,877
1,-9.85,1.29,-0.12,0,17,11,39,945
1,-9.77,1.29,-0.24,0,17,11,40,16
1,-9.73,1.10,-0.20,0,17,11,41,84
1,-9.73,1.22,-0.12,0,17,11,42,154
1,-9.77,1.18,-0.16,0,17,11,43,223
1,-9.81,1.26,-0.16,0,17,11,44,294
1,-9.81,1.29,-0.35,0,17,11,45,363
1,-9.77,1.18,-0.27,0,17,11,46,432
1,-9.77,1.18,-0.12,0,17,11,47,502
1,-9.77,1.18,-0.24,0,17,11,48,580
1,-9.73,1.29,-0.24,0,17,11,49,654
1,-9.77,1.22,-0.08,0,17,11,50,727
1,-9.81,1.22,-0.24,0,17,11,51,797
1,-9.81,1.22,-0.12,0,17,11,52,875
1,-9.73,1.14,-0.16,0,17,11,53,949
1,-9.77,1.18,-0.24,0,17,11,54,28
1,-9.69,1.02,-0.16,0,17,11,55,103
1,-10.00,1.10,-0.20,0,17,11,56,175
1,-9.85,1.33,-0.20,0,17,11,57,246
1,-9.77,1.02,-0.20,0,17,11,58,315
1,-9.73,1.14,-0.16,0,17,11,59,384
1,-9.81,1.22,0.04,0,17,12,0,452
1,-9.81,1.22,-0.24,0,17,12,1,521
1,-9.73,1.22,-0.16,0,17,12,2,590
1,-9.77,1.29,-0.08,0,17,12,3,659
1,-9.69,1.26,-0.24,0,17,12,4,728
1,-9.81,1.26,-0.16,0,17,12,5,797
1,-9.65,1.22,-0.08,0,17,12,6,866
1,-9.73,1.26,-0.27,0,17,12,7,935
1,-9.57,1.22,-0.24,0,17,12,8,5
1,-9.41,1.29,-0.47,0,17,12,9,78
1,-9.02,1.26,-0.59,0,17,12,10,152
1,-9.02,1.33,-0.94,0,17,12,11,221
1,-9.38,1.18,-1.06,0,17,12,12,289
1,-9.53,1.22,-1.33,0,17,12,13,358
1,-8.75,1.69,-2.08,0,17,12,14,429
1,-8.47,1.29,-2.04,0,17,12,15,497
1,-8.24,1.02,-2.08,0,17,12,16,569
1,-7.49,1.37,-2.94,0,17,12,17,637
1,-7.26,2.28,-3.45,0,17,12,18,705
1,-7.18,0.98,-4.71,0,17,12,19,774
1,-6.24,2.28,-5.22,0,17,12,20,843
1,-5.61,1.10,-5.14,0,17,12,21,911
1,-6.16,0.24,-5.69,0,17,12,22,32
1,-6.04,0.31,-9.85,0,17,12,23,102
1,-5.45,-0.43,-7.85,0,17,12,24,172
1,-4.39,-0.27,-7.14,0,17,12,25,241
1,-3.73,0.12,-6.35,0,17,12,26,311
1,-4.04,-0.20,-6.83,0,17,12,27,380
1,-3.57,0.31,-7.77,0,17,12,28,490
1,-3.22,0.20,-7.69,0,17,12,29,571
1,-2.86,0.04,-7.61,0,17,12,30,641
1,-2.75,0.12,-7.49,0,17,12,31,770
1,-2.79,0.47,-7.18,0,17,12,32,845
1,-2.55,0.51,-7.81,0,17,12,33,917
1,-2.55,0.39,-7.65,0,17,12,34,995
1,-2.43,0.55,-7.41,0,17,12,35,69
1,-2.51,0.71,-7.61,0,17,12,36,159
1,-2.47,0.51,-7.85,0,17,12,37,233
1,-2.63,0.55,-7.30,0,17,12,38,303
1,-2.67,0.43,-7.18,0,17,12,39,373
1,-2.47,0.47,-7.92,0,17,12,40,444
1,-2.43,0.47,-7.65,0,17,12,41,515
1,-2.55,0.43,-7.49,0,17,12,42,586
1,-2.43,0.39,-7.69,0,17,12,43,654
1,-2.43,0.31,-7.53,0,17,12,44,727
1,-2.47,0.31,-7.53,0,17,12,45,799
1,-2.35,0.35,-7.61,0,17,12,46,869
1,-2.39,0.31,-7.57,0,17,12,47,941
1,-2.43,0.35,-7.69,0,17,12,48,16
1,-2.39,0.47,-7.57,0,17,12,49,90
1,-2.39,0.63,-7.69,0,17,12,50,159
1,-2.28,0.63,-7.81,0,17,12,51,232
1,-2.28,0.55,-7.34,0,17,12,52,302
1,-2.51,0.39,-7.37,0,17,12,53,371
1,-2.59,0.39,-7.45,0,17,12,54,439
1,-2.51,0.43,-7.85,0,17,12,55,509
1,-2.75,0.43,-7.45,0,17,12,56,582
1,-2.55,0.24,-7.65,0,17,12,57,652
1,-2.43,0.31,-7.26,0,17,12,58,720
1,-2.51,0.35,-7.26,0,17,12,59,791
1,-2.43,0.20,-7.85,0,17,13,0,860
1,-2.51,0.43,-7.88,0,17,13,1,929
1,-2.47,0.43,-7.69,0,17,13,2,998
1,-2.82,0.43,-9.06,0,17,13,3,81
1,-2.55,1.80,-7.22,0,17,13,4,149
1,-1.33,2.82,-6.12,0,17,13,5,222
1,-1.69,2.59,-6.00,0,17,13,6,292
1,-2.63,2.08,-6.16,0,17,13,7,362
1,-4.00,0.31,-7.65,0,17,13,8,433
1,-3.14,0.86,-8.94,0,17,13,9,502
1,-3.22,0.75,-7.41,0,17,13,10,572
1,-3.18,1.45,-7.30,0,17,13,11,642
1,-3.33,0.94,-7.34,0,17,13,12,711
1,-3.22,1.10,-7.37,0,17,13,13,782
1,-3.02,1.10,-7.37,0,17,13,14,852
1,-3.06,1.22,-7.61,0,17,13,15,924
1,-3.10,1.29,-7.06,0,17,13,16,994
1,-3.10,1.53,-7.26,0,17,13,17,77
1,-2.79,1.65,-7.73,0,17,13,18,149
1,-2.59,1.65,-7.96,0,17,13,19,222
1,-2.75,1.10,-7.53,0,17,13,20,290
1,-2.67,0.82,-7.30,0,17,13,21,358
1,-2.94,0.71,-6.98,0,17,13,22,435
1,-3.06,0.47,-7.49,0,17,13,23,505
1,-3.10,0.90,-7.49,0,17,13,24,575
1,-3.22,0.86,-7.53,0,17,13,25,644
1,-3.45,0.90,-7.34,0,17,13,26,716
1,-3.10,1.18,-7.45,0,17,13,27,785
1,-3.14,1.10,-6.83,0,17,13,28,855
1,-2.79,1.06,-7.92,0,17,13,29,926
1,-2.31,1.49,-8.24,0,17,13,30,5
1,-2.31,0.71,-7.57,0,17,13,31,74
1,-2.55,0.12,-7.26,0,17,13,32,150
1,-2.39,0.59,-6.90,0,17,13,33,219
1,-2.94,1.49,-7.10,0,17,13,34,287
1,-2.98,1.29,-7.81,0,17,13,35,358
1,-3.22,0.75,-7.96,0,17,13,36,425
1,-3.18,0.27,-7.10,0,17,13,37,495
1,-3.22,0.59,-6.63,0,17,13,38,566
1,-3.06,0.71,-7.34,0,17,13,39,633
1,-3.61,0.82,-7.18,0,17,13,40,702
1,-2.79,0.63,-8.04,0,17,13,41,770
1,-2.47,0.78,-8.04,0,17,13,42,842
1,-2.86,0.90,-7.41,0,17,13,43,910
1,-2.82,1.26,-8.12,0,17,13,44,989
1,-2.51,1.18,-7.57,0,17,13,45,69
1,-2.71,0.63,-7.14,0,17,13,46,139
1,-2.08,0.55,-7.85,0,17,13,47,209
1,-2.08,0.75,-7.57,0,17,13,48,278
1,-1.88,0.71,-7.61,0,17,13,49,352
1,-1.80,0.67,-7.88,0,17,13,50,422
1,-1.73,0.67,-7.96,0,17,13,51,490
1,-2.24,1.10,-7.92,0,17,13,52,563
1,-2.71,0.94,-7.57,0,17,13,53,634
1,-2.12,1.06,-8.43,0,17,13,54,704
1,-2.31,1.10,-8.00,0,17,13,55,775
1,-2.55,0.71,-7.96,0,17,13,56,846
1,-3.06,1.77,-7.57,0,17,13,57,916
1,-3.10,1.84,-7.61,0,17,13,58,2
1,-3.73,1.14,-7.26,0,17,13,59,70
1,-3.69,0.59,-7.34,0,17,14,0,139
1,-4.12,-0.35,-6.98,0,17,14,1,209
1,-4.47,-0.16,-6.55,0,17,14,2,277
1,-4.28,0.04,-6.67,0,17,14,3,348
1,-5.84,-1.77,-6.32,0,17,14,4,419
1,-8.04,-3.84,-6.16,0,17,14,5,487
1,-7.73,-2.55,-4.39,0,17,14,6,556
1,-5.26,-0.04,-2.86,0,17,14,7,626
1,-2.39,0.20,-6.79,0,17,14,8,694
1,1.06,-0.31,-7.37,0,17,14,9,762
1,1.14,-0.82,-9.18,0,17,14,10,832
1,-1.33,-1.37,-8.83,0,17,14,11,901
1,-2.79,-0.04,-7.53,0,17,14,12,968
1,-1.96,-0.55,-7.34,0,17,14,13,37
1,-1.45,0.00,-7.57,0,17,14,14,106
1,-1.33,0.51,-7.85,0,17,14,15,177
1,-1.18,0.35,-7.57,0,17,14,16,244
1,-0.43,1.02,-7.81,0,17,14,17,313
1,-1.10,0.39,-8.59,0,17,14,18,383
1,-0.71,0.31,-7.73,0,17,14,19,452
1,0.04,1.26,-9.34,0,17,14,20,520
1,-1.06,0.39,-7.65,0,17,14,21,596
1,-0.27,1.18,-8.00,0,17,14,22,668
1,-0.78,1.10,-8.12,0,17,14,23,740
1,-0.55,0.63,-7.85,0,17,14,24,815
1,-0.86,0.86,-8.24,0,17,14,25,904
1,-1.57,0.04,-6.86,0,17,14,26,975
1,0.20,0.35,-7.65,0,17,14,27,44
1,-0.35,-1.61,-9.61,0,17,14,28,148
1,0.75,-0.16,-8.36,0,17,14,29,224
1,0.39,0.31,-8.36,0,17,14,30,363
1,1.61,-2.90,-7.30,0,17,14,31,437
1,1.49,-3.84,-7.06,0,17,14,32,506
1,1.49,-2.86,-7.10,0,17,14,33,576
1,0.39,-1.61,-5.26,0,17,14,34,648
1,1.77,-2.59,-5.61,0,17,14,35,717
1,1.45,-4.16,-6.20,0,17,14,36,789
1,1.10,-3.37,-6.75,0,17,14,37,856
1,0.82,-2.86,-6.90,0,17,14,38,924
1,1.33,-1.61,-7.02,0,17,14,39,996
1,1.33,-3.02,-8.08,0,17,14,40,66
1,-0.82,-3.30,-7.26,0,17,14,41,135
1,-0.08,-2.51,-7.69,0,17,14,42,203
1,0.12,-2.04,-7.92,0,17,14,43,272
1,0.31,-3.06,-7.57,0,17,14,44,341
1,-0.59,-2.75,-5.96,0,17,14,45,410
1,-1.02,-3.14,-6.12,0,17,14,46,480
1,-1.41,-2.55,-7.61,0,17,14,47,553
1,-1.84,-3.22,-7.92,0,17,14,48,623
1,-2.28,-1.29,-8.20,0,17,14,49,691
1,-2.39,-1.69,-6.94,0,17,14,50,762
1,-1.61,-3.14,-9.18,0,17,14,51,834
1,-4.00,0.43,-8.28,0,17,14,52,901
1,-2.16,-1.57,-7.22,0,17,14,53,971
1,-1.96,-1.26,-7.53,0,17,14,54,51
1,-2.63,-1.22,-6.71,0,17,14,55,993
1,-1.18,2.16,-7.53,0,17,14,56,67
1,-0.67,2.28,-8.04,0,17,14,57,137
1,-1.14,2.43,-7.10,0,17,14,58,206
1,-1.10,1.45,-7.77,0,17,14,59,276
1,-1.96,1.14,-7.96,0,17,15,0,348
1,-2.08,1.02,-7.34,0,17,15,1,416
1,-1.73,1.18,-7.96,0,17,15,2,20
1,-1.57,1.06,-7.77,0,17,15,3,89
1,-1.57,1.10,-7.53,0,17,15,4,162
1,-1.80,0.98,-7.73,0,17,15,5,235
1,-1.84,1.02,-7.69,0,17,15,6,335
1,-1.69,1.10,-7.73,0,17,15,7,407
1,-1.92,1.22,-7.77,0,17,15,8,476
1,-1.80,0.78,-8.08,0,17,15,9,548
1,-1.69,0.82,-7.92,0,17,15,10,616
1,-1.53,0.51,-8.08,0,17,15,11,688
1,-1.33,1.02,-7.88,0,17,15,12,759
1,-1.06,1.10,-7.14,0,17,15,13,833
1,-1.26,1.65,-7.65,0,17,15,14,905
1,-1.69,1.14,-8.00,0,17,15,15,975
1,-2.16,0.75,-7.57,0,17,15,16,57
1,-2.43,1.02,-7.10,0,17,15,17,126
1,-2.39,1.18,-7.69,0,17,15,18,195
1,-2.59,0.71,-7.45,0,17,15,19,281
1,-2.55,0.24,-8.00,0,17,15,20,578
1,-2.98,-1.33,-8.12,0,17,15,21,648
1,-3.30,-0.71,-6.67,0,17,15,22,718
1,-2.59,-0.31,-7.45,0,17,15,23,789
1,-2.31,-0.43,-8.36,0,17,15,24,867
1,-2.71,0.47,-7.02,0,17,15,25,947
1,-2.82,0.35,-7.10,0,17,15,26,18
1,-2.08,-0.04,-7.02,0,17,15,27,123
1,-2.47,0.27,-6.98,0,17,15,28,192
1,-2.43,0.20,-7.81,0,17,15,29,262
1,-1.92,0.16,-7.37,0,17,15,30,333
1,-2.43,0.00,-7.37,0,17,15,31,404
1,-2.16,0.47,-8.32,0,17,15,32,482
1,-2.08,1.41,-7.96,0,17,15,33,555
1,-1.77,0.86,-8.08,0,17,15,34,632
1,-2.47,0.59,-6.98,0,17,15,35,709
1,-2.08,0.43,-7.73,0,17,15,36,792
1,-2.00,0.39,-7.69,0,17,15,37,861
1,-1.18,2.16,-7.61,0,17,15,38,934
1,-2.43,1.18,-7.81,0,17,15,39,6
1,-2.24,0.51,-6.83,0,17,15,40,86
1,-2.20,0.63,-8.24,0,17,15,41,155
1,-2.12,0.63,-7.30,0,17,15,42,225
1,-2.31,0.55,-7.81,0,17,15,43,297
1,-2.35,0.20,-7.53,0,17,15,44,369
1,-2.00,1.06,-7.92,0,17,15,45,440
1,-2.35,1.06,-7.61,0,17,15,46,519
1,-2.31,1.10,-7.81,0,17,15,47,600
1,-2.12,1.06,-7.53,0,17,15,48,687
1,-2.71,0.94,-7.57,0,17,15,49,760
1,-2.71,1.06,-7.65,0,17,15,50,831
1,-2.39,1.18,-7.57,0,17,15,51,901
1,-2.28,1.06,-7.65,0,17,15,52,972
1,-2.39,0.98,-7.34,0,17,15,53,43
1,-2.67,1.33,-7.61,0,17,15,54,124
1,-2.90,1.33,-7.92,0,17,15,55,193
1,-2.63,1.96,-7.30,0,17,15,56,262
1,-1.65,0.31,-10.16,0,17,15,57,339
1,-2.75,1.10,-6.75,0,17,15,58,412
1,-2.67,0.98,-7.53,0,17,15,59,487
1,-2.63,1.61,-7.92,0,17,16,0,557
1,-2.67,1.37,-7.61,0,17,16,1,640
1,-2.43,1.29,-7.65,0,17,16,2,709
1,-2.35,1.06,-7.57,0,17,16,3,776
1,-2.43,0.63,-7.34,0,17,16,4,847
1,-2.43,1.22,-7.45,0,17,16,5,919
1,-2.55,1.33,-6.86,0,17,16,6,993
1,-3.84,-1.06,2.00,0,17,16,7,74
1,-0.98,0.98,-7.73,0,17,16,8,152
1,-2.39,1.26,-7.14,0,17,16,9,220
1,-2.35,1.06,-7.53,0,17,16,10,289
1,-2.55,0.98,-7.34,0,17,16,11,359
1,-2.67,1.92,-7.37,0,17,16,12,434
1,-2.24,1.26,-7.73,0,17,16,13,514
1,-2.31,2.08,-7.57,0,17,16,14,584
1,-1.96,1.18,-7.37,0,17,16,15,653
1,-2.31,1.69,-7.18,0,17,16,16,728
1,-2.86,1.45,-9.85,0,17,16,17,797
1,-2.55,1.10,-7.45,0,17,16,18,865
1,-1.77,1.92,-8.04,0,17,16,19,933
1,-3.33,1.53,-7.14,0,17,16,20,14
1,-2.28,1.73,-7.18,0,17,16,21,86
1,-2.59,1.26,-6.71,0,17,16,22,155
1,-2.43,1.49,-6.86,0,17,16,23,225
1,-2.28,1.45,-8.71,0,17,16,24,304
1,-3.06,0.75,-7.81,0,17,16,25,373
1,-2.67,0.75,-8.16,0,17,16,26,446
1,-2.39,0.59,-8.04,0,17,16,27,525
1,-1.88,0.39,-7.77,0,17,16,28,602
1,-1.29,0.43,-7.37,0,17,16,29,670
1,-1.92,0.24,-8.20,0,17,16,30,740
1,-1.37,-0.12,-6.86,0,17,16,31,809
1,-1.33,-0.04,-7.57,0,17,16,32,878
1,-1.88,-0.55,-7.65,0,17,16,33,954
1,-1.65,-0.27,-8.24,0,17,16,34,25
1,-2.28,-0.35,-7.53,0,17,16,35,93
1,-2.43,-0.12,-7.37,0,17,16,36,171
1,-2.35,0.31,-7.34,0,17,16,37,239
1,-2.51,0.51,-7.10,0,17,16,38,308
1,-2.71,1.53,-8.47,0,17,16,39,376
1,-2.71,1.02,-7.92,0,17,16,40,447
1,-2.98,1.69,-7.41,0,17,16,41,515
1,-3.33,2.20,-7.45,0,17,16,42,586
1,-2.86,2.28,-7.73,0,17,16,43,655
1,-3.37,2.24,-6.71,0,17,16,44,725
1,-3.37,2.35,-7.18,0,17,16,45,799
1,-4.08,1.92,-6.20,0,17,16,46,912
1,-3.96,1.96,-6.63,0,17,16,47,981
1,-4.31,2.20,-6.71,0,17,16,48,51
1,-4.24,2.00,-6.59,0,17,16,49,125
1,-4.51,2.04,-7.06,0,17,16,50,195
1,-4.82,2.24,-7.30,0,17,16,51,264
1,-4.31,2.04,-7.65,0,17,16,52,332
1,-4.08,1.65,-7.57,0,17,16,53,406
1,-3.33,1.88,-7.53,0,17,16,54,471
1,-3.37,1.65,-7.10,0,17,16,55,541
1,-3.14,1.65,-7.22,0,17,16,56,610
1,-3.18,1.49,-7.49,0,17,16,57,678
1,-3.30,1.22,-6.75,0,17,16,58,747
1,-2.75,0.78,-6.94,0,17,16,59,821
1,-3.06,0.71,-6.67,0,17,17,0,890
1,-3.57,0.35,-6.83,0,17,17,1,959
1,-3.69,1.49,-6.98,0,17,17,2,28
1,-3.41,1.29,-7.92,0,17,17,3,98
1,-3.61,1.18,-8.08,0,17,17,4,167
1,-3.06,1.80,-7.37,0,17,17,5,238
1,-2.47,1.37,-7.57,0,17,17,6,308
1,-2.24,2.31,-7.53,0,17,17,7,385
1,-2.90,1.53,-6.75,0,17,17,8,454
1,-2.63,2.31,-7.69,0,17,17,9,524
1,-3.02,2.08,-6.55,0,17,17,10,593
1,-3.53,2.90,-7.49,0,17,17,11,661
1,-3.10,3.06,-6.47,0,17,17,12,730
1,-3.69,2.47,-7.26,0,17,17,13,800
1,-3.53,1.73,-7.81,0,17,17,14,874
1,-3.30,1.73,-7.57,0,17,17,15,943
1,-3.49,0.75,-7.96,0,17,17,16,12
1,-2.86,0.63,-7.92,0,17,17,17,80
1,-2.00,0.51,-8.43,0,17,17,18,149
1,-2.55,0.24,-7.10,0,17,17,19,235
1,-2.24,0.82,-8.20,0,17,17,20,305
1,-2.55,0.63,-7.02,0,17,17,21,377
1,-2.79,0.08,-7.22,0,17,17,22,446
1,-3.10,0.39,-7.14,0,17,17,23,515
1,-3.69,0.63,-6.63,0,17,17,24,584
1,-3.41,1.41,-7.49,0,17,17,25,654
1,-3.53,0.82,-7.88,0,17,17,26,724
1,-3.45,1.92,-7.69,0,17,17,27,793
1,-3.37,1.96,-7.92,0,17,17,28,863
1,-2.59,1.92,-8.51,0,17,17,29,932
1,-2.55,2.00,-6.79,0,17,17,30,1
1,-2.71,1.92,-6.90,0,17,17,31,71
1,-2.47,2.43,-7.34,0,17,17,32,150
1,-3.22,2.24,-6.63,0,17,17,33,217
1,-3.65,2.28,-6.32,0,17,17,34,288
1,-3.53,2.75,-6.20,0,17,17,35,361
1,-3.80,1.80,-7.57,0,17,17,36,439
1,-3.73,1.73,-7.18,0,17,17,37,534
1,-3.73,1.02,-8.94,0,17,17,38,607
1,-2.94,0.43,-7.41,0,17,17,39,675
1,-2.75,0.98,-8.83,0,17,17,40,744
1,-2.71,0.43,-7.14,0,17,17,41,813
1,-2.16,0.63,-7.37,0,17,17,42,882
1,-2.75,0.16,-7.49,0,17,17,43,955
1,-3.06,0.20,-6.79,0,17,17,44,47
1,-3.33,0.51,-7.14,0,17,17,45,122
1,-3.65,0.63,-7.37,0,17,17,46,195
1,-3.22,0.47,-7.81,0,17,17,47,267
1,-3.69,1.02,-7.73,0,17,17,48,337
1,-3.02,0.94,-7.69,0,17,17,49,406
1,-2.75,1.29,-6.98,0,17,17,50,474
1,-2.67,1.73,-8.04,0,17,17,51,552
1,-2.71,1.65,-7.30,0,17,17,52,621
1,-2.51,1.77,-7.45,0,17,17,53,691
1,-2.90,1.80,-6.71,0,17,17,54,760
1,-2.98,2.12,-7.06,0,17,17,55,832
1,-3.02,1.41,-7.22,0,17,17,56,902
1,-3.14,1.22,-7.02,0,17,17,57,972
1,-3.14,1.06,-7.41,0,17,17,58,41
1,-3.33,1.14,-8.36,0,17,17,59,117
1,-3.10,0.98,-8.32,0,17,18,0,201
1,-2.39,0.75,-7.85,0,17,18,1,270
1,-2.43,0.39,-7.49,0,17,18,2,338
1,-2.04,0.39,-7.53,0,17,18,3,412
1,-1.84,0.78,-7.53,0,17,18,4,483
1,-1.96,0.71,-7.81,0,17,18,5,554

