1,-4.82,1.49,-6.16,0,17,20,10,228
1,-5.81,2.39,-5.96,0,17,20,11,297
1,-5.92,2.35,-6.08,0,17,20,12,368
1,-5.45,2.39,-5.61,0,17,20,13,460
1,-5.65,2.63,-6.94,0,17,20,14,530
1,-6.08,3.61,-6.35,0,17,20,15,601
1,-5.81,2.71,-6.32,0,17,20,16,670
1,-5.61,2.75,-6.43,0,17,20,17,739
1,-6.35,3.41,-5.77,0,17,20,18,807
1,-5.10,2.82,-5.88,0,17,20,19,874
1,-5.18,2.90,-6.51,0,17,20,20,944
1,-5.37,2.47,-6.43,0,17,20,21,14
1,-4.67,1.96,-7.34,0,17,20,22,83
1,-4.39,2.12,-5.65,0,17,20,23,152
1,-3.88,2.71,-6.67,0,17,20,24,221
1,-3.22,3.02,-7.10,0,17,20,25,291
1,-5.10,2.51,-7.06,0,17,20,26,360
1,-3.96,1.49,-6.63,0,17,20,27,430
1,-4.24,1.96,-6.12,0,17,20,28,500
1,-4.20,2.12,-6.32,0,17,20,29,568
1,-4.04,2.00,-6.90,0,17,20,30,637
1,-4.20,1.77,-6.71,0,17,20,31,706
1,-3.88,2.08,-7.18,0,17,20,32,776
1,-4.20,2.47,-7.37,0,17,20,33,845
1,-3.37,1.69,-5.88,0,17,20,34,914
1,-4.08,1.53,-7.34,0,17,20,35,984
1,-4.47,1.53,-7.57,0,17,20,36,53
1,-3.57,0.78,-7.85,0,17,20,37,124
1,-3.80,0.67,-6.83,0,17,20,38,193
1,-4.00,1.10,-6.98,0,17,20,39,262
1,-4.12,1.69,-7.77,0,17,20,40,330
1,-3.65,1.06,-7.88,0,17,20,41,399
1,-2.79,1.18,-6.79,0,17,20,42,471
1,-4.20,1.37,-7.06,0,17,20,43,539
1,-3.84,1.33,-6.43,0,17,20,44,611
1,-4.08,1.53,-7.57,0,17,20,45,679
1,-4.04,1.33,-6.98,0,17,20,46,747
1,-4.04,1.26,-7.02,0,17,20,47,817
1,-4.00,1.10,-6.86,0,17,20,48,912
1,-4.24,1.29,-6.55,0,17,20,49,981
1,-4.35,1.26,-6.83,0,17,20,50,50
1,-4.08,1.45,-6.94,0,17,20,51,136
1,-4.43,1.49,-7.06,0,17,20,52,207
1,-4.39,1.92,-6.94,0,17,20,53,277
1,-4.08,2.98,-6.59,0,17,20,54,346
1,-4.94,2.63,-7.18,0,17,20,55,415
1,-4.43,2.55,-5.96,0,17,20,56,483
1,-4.20,2.08,-7.02,0,17,20,57,552
1,-4.39,1.84,-7.37,0,17,20,58,621
1,-4.28,1.49,-7.02,0,17,20,59,690
1,-4.08,1.37,-6.79,0,17,21,0,759
1,-4.12,1.37,-6.86,0,17,21,1,828
1,-4.20,0.90,-6.98,0,17,21,2,904
1,-4.43,1.10,-6.94,0,17,21,3,972
1,-4.63,1.26,-6.79,0,17,21,4,41
1,-4.35,1.88,-6.63,0,17,21,5,109
1,-4.43,3.18,-6.83,0,17,21,6,177
1,-4.71,1.88,-6.12,0,17,21,7,250
1,-4.51,1.73,-6.67,0,17,21,8,319
1,-4.24,1.29,-7.18,0,17,21,9,388
1,-4.16,1.02,-7.45,0,17,21,10,457
1,-3.92,1.33,-7.37,0,17,21,11,525
1,-3.88,0.39,-7.26,0,17,21,12,596
1,-3.80,0.43,-7.18,0,17,21,13,665
1,-3.77,0.12,-7.18,0,17,21,14,748
1,-3.77,-0.08,-7.26,0,17,21,15,817
1,-3.65,-0.43,-7.30,0,17,21,16,886
1,-3.53,-0.24,-7.30,0,17,21,17,957
1,-3.61,0.24,-7.10,0,17,21,18,28
1,-3.45,0.20,-6.83,0,17,21,19,100
1,-3.84,0.35,-6.79,0,17,21,20,171
1,-4.35,1.29,-6.90,0,17,21,21,240
1,-5.06,1.77,-6.67,0,17,21,22,309
1,-4.94,2.79,-7.10,0,17,21,23,381
1,-4.51,2.79,-7.30,0,17,21,24,449
1,-4.04,2.51,-6.94,0,17,21,25,519
1,-4.55,3.10,-5.77,0,17,21,26,587
1,-4.47,2.82,-6.39,0,17,21,27,657
1,-4.35,2.51,-7.30,0,17,21,28,726
1,-4.12,2.90,-7.57,0,17,21,29,797
1,-4.12,3.06,-6.90,0,17,21,30,866
1,-4.04,3.10,-6.32,0,17,21,31,935
1,-4.47,2.67,-6.59,0,17,21,32,4
1,-4.31,2.71,-6.83,0,17,21,33,82
1,-4.51,1.84,-6.63,0,17,21,34,151
1,-4.24,2.28,-6.63,0,17,21,35,224
1,-4.39,1.22,-7.02,0,17,21,36,293
1,-4.59,2.00,-6.86,0,17,21,37,364
1,-3.77,2.12,-6.98,0,17,21,38,458
1,-3.84,1.57,-6.75,0,17,21,39,528
1,-4.00,1.45,-6.67,0,17,21,40,598
1,-4.28,1.57,-7.06,0,17,21,41,667
1,-4.90,2.16,-6.94,0,17,21,42,736
1,-4.63,3.33,-6.12,0,17,21,43,809
1,-4.00,1.65,-6.83,0,17,21,44,876
1,-4.04,1.18,-7.22,0,17,21,45,945
1,-4.55,1.53,-7.02,0,17,21,46,15
1,-4.24,1.33,-7.61,0,17,21,47,85
1,-4.20,0.78,-7.14,0,17,21,48,153
1,-4.08,1.06,-6.90,0,17,21,49,222
1,-4.08,1.33,-7.06,0,17,21,50,292
1,-4.16,1.33,-7.02,0,17,21,51,361
1,-4.16,1.26,-6.86,0,17,21,52,430
1,-4.16,1.33,-6.86,0,17,21,53,499
1,-4.12,1.69,-7.06,0,17,21,54,569
1,-4.24,1.61,-7.14,0,17,21,55,637
1,-4.31,1.61,-6.86,0,17,21,56,707
1,-4.35,1.69,-6.90,0,17,21,57,777
1,-4.39,1.69,-7.10,0,17,21,58,848
1,-4.39,1.61,-7.02,0,17,21,59,917
1,-4.35,1.65,-6.90,0,17,22,0,986
1,-4.47,1.49,-6.63,0,17,22,1,55
1,-5.45,1.53,-4.20,0,17,22,2,126
1,-4.94,1.57,-7.06,0,17,22,3,193
1,-4.71,1.84,-7.57,0,17,22,4,262
1,-4.43,1.14,-8.47,0,17,22,5,333
1,-3.61,0.78,-7.73,0,17,22,6,411
1,-2.98,1.18,-6.59,0,17,22,7,480
1,-3.41,0.55,-8.00,0,17,22,8,552
1,-2.94,0.67,-7.92,0,17,22,9,621
1,-2.51,1.06,-7.49,0,17,22,10,694
1,-4.20,1.18,-5.37,0,17,22,11,764
1,-4.98,1.02,-5.69,0,17,22,12,833
1,-4.51,1.02,-6.71,0,17,22,13,902
1,-4.63,1.10,-7.53,0,17,22,14,972
1,-4.86,1.02,-7.34,0,17,22,15,40
1,-4.16,0.75,-6.90,0,17,22,16,108
1,-4.39,1.10,-5.88,0,17,22,17,177
1,-5.02,1.41,-6.28,0,17,22,18,247
1,-5.10,1.10,-7.02,0,17,22,19,316
1,-4.94,0.39,-6.75,0,17,22,20,385
1,-4.55,0.94,-5.81,0,17,22,21,452
1,-5.06,1.18,-6.63,0,17,22,22,522
1,-4.67,1.29,-7.49,0,17,22,23,591
1,-5.65,0.55,-6.20,0,17,22,24,663
1,-5.65,0.90,-6.43,0,17,22,25,732
1,-5.22,1.33,-6.63,0,17,22,26,800
1,-5.49,1.41,-6.24,0,17,22,27,871
1,-5.92,1.14,-5.41,0,17,22,28,939
1,-5.53,1.22,-5.33,0,17,22,29,11
1,-5.73,1.29,-5.57,0,17,22,30,79
1,-5.92,1.18,-5.61,0,17,22,31,148
1,-6.28,0.78,-5.88,0,17,22,32,215
1,-6.28,0.78,-5.92,0,17,22,33,285
1,-5.88,0.63,-6.04,0,17,22,34,354
1,-5.92,0.71,-6.16,0,17,22,35,431
1,-5.77,0.67,-6.47,0,17,22,36,500
1,-5.77,0.63,-5.88,0,17,22,37,570
1,-5.84,0.78,-5.57,0,17,22,38,638
1,-6.00,0.71,-5.73,0,17,22,39,707
1,-5.92,0.94,-6.04,0,17,22,40,776
1,-6.00,0.86,-5.96,0,17,22,41,844
1,-5.92,0.55,-6.08,0,17,22,42,913
1,-5.65,0.39,-5.96,0,17,22,43,985
1,-5.61,0.86,-5.77,0,17,22,44,53
1,-6.43,0.31,-6.24,0,17,22,45,122
1,-5.96,0.67,-6.20,0,17,22,46,190
1,-5.65,0.82,-6.20,0,17,22,47,259
1,-5.88,0.98,-6.12,0,17,22,48,328
1,-5.84,0.78,-5.96,0,17,22,49,400
1,-5.61,1.06,-6.35,0,17,22,50,469
1,-5.77,1.10,-6.08,0,17,22,51,539
1,-5.73,0.98,-5.96,0,17,22,52,608
1,-5.57,0.86,-6.20,0,17,22,53,679
1,-5.65,0.71,-6.12,0,17,22,54,749
1,-5.65,0.86,-5.88,0,17,22,55,818
1,-5.81,0.71,-6.00,0,17,22,56,889
1,-6.24,0.75,-6.98,0,17,22,57,965
1,-6.08,0.55,-6.75,0,17,22,58,36
1,-5.33,0.90,-5.77,0,17,22,59,105
1,-5.61,1.65,-5.33,0,17,23,0,174
1,-5.77,1.10,-5.37,0,17,23,1,246
1,-6.12,0.67,-5.02,0,17,23,2,314
1,-6.32,0.43,-5.61,0,17,23,3,384
1,-6.20,0.90,-6.47,0,17,23,4,453
1,-5.81,0.43,-6.43,0,17,23,5,522
1,-5.33,0.47,-5.88,0,17,23,6,591
1,-5.10,0.55,-5.73,0,17,23,7,662
1,-5.84,0.16,-6.32,0,17,23,8,733
1,-4.98,0.27,-7.02,0,17,23,9,802
1,-5.92,0.47,-6.28,0,17,23,10,870
1,-5.73,0.08,-6.08,0,17,23,11,938
1,-5.02,0.12,-6.55,0,17,23,12,6
1,-5.37,0.98,-6.63,0,17,23,13,76
1,-5.45,0.47,-5.88,0,17,23,14,152
1,-5.37,0.39,-5.77,0,17,23,15,221
1,-5.49,0.90,-6.16,0,17,23,16,290
1,-5.65,1.02,-6.32,0,17,23,17,358
1,-5.73,0.98,-6.47,0,17,23,18,427
1,-5.73,0.71,-6.39,0,17,23,19,494
1,-5.49,0.86,-6.32,0,17,23,20,564
1,-5.57,0.86,-6.08,0,17,23,21,633
1,-5.69,0.90,-6.12,0,17,23,22,703
1,-5.92,1.10,-5.92,0,17,23,23,774
1,-5.41,0.82,-5.96,0,17,23,24,844
1,-5.33,1.69,-6.47,0,17,23,25,912
1,-5.69,1.29,-6.24,0,17,23,26,983
1,-5.92,0.67,-5.84,0,17,23,27,52
1,-5.14,1.06,-6.51,0,17,23,28,123
1,-5.37,1.06,-6.43,0,17,23,29,194
1,-5.61,0.75,-6.00,0,17,23,30,263
1,-5.30,1.02,-6.39,0,17,23,31,335
1,-5.33,0.86,-6.51,0,17,23,32,403
1,-5.53,1.10,-6.51,0,17,23,33,476
1,-6.00,1.06,-7.06,0,17,23,34,546
1,-5.96,0.71,-7.41,0,17,23,35,616
1,-5.41,0.90,-6.16,0,17,23,36,684
1,-5.37,0.98,-5.73,0,17,23,37,753
1,-5.26,1.06,-6.16,0,17,23,38,825
1,-5.26,1.02,-5.69,0,17,23,39,899
1,-5.81,0.90,-5.18,0,17,23,40,968
1,-5.96,0.82,-5.57,0,17,23,41,37
1,-5.61,0.94,-5.96,0,17,23,42,110
1,-6.16,0.98,-5.77,0,17,23,43,184
1,-6.20,0.86,-6.20,0,17,23,44,252
1,-6.04,0.86,-6.32,0,17,23,45,321
1,-5.88,0.94,-6.20,0,17,23,46,389
1,-5.88,0.94,-5.84,0,17,23,47,457
1,-6.00,0.75,-5.77,0,17,23,48,526
1,-5.92,0.90,-5.96,0,17,23,49,595
1,-5.88,1.10,-5.81,0,17,23,50,666
1,-6.51,0.98,-6.20,0,17,23,51,735
1,-6.04,0.75,-6.20,0,17,23,52,811
1,-5.88,0.90,-5.81,0,17,23,53,879
1,-5.81,0.82,-5.61,0,17,23,54,979
1,-6.28,0.78,-5.65,0,17,23,55,46
1,-6.32,0.90,-6.00,0,17,23,56,121
1,-6.00,0.82,-6.04,0,17,23,57,190
1,-5.92,0.75,-5.77,0,17,23,58,260
1,-6.20,0.67,-5.84,0,17,23,59,332
1,-6.00,1.10,-5.92,0,17,24,0,403
1,-6.04,0.98,-5.88,0,17,24,1,478
1,-6.16,0.82,-5.92,0,17,24,2,547
1,-6.24,1.06,-5.96,0,17,24,3,618
1,-6.28,0.98,-6.28,0,17,24,4,687
1,-6.12,1.02,-5.65,0,17,24,5,765
1,-5.88,0.63,-5.37,0,17,24,6,833
1,-5.88,0.78,-5.57,0,17,24,7,902
1,-6.39,0.67,-6.55,0,17,24,8,971
1,-6.55,1.22,-5.77,0,17,24,9,41
1,-5.96,1.22,-6.12,0,17,24,10,116
1,-5.84,0.98,-5.69,0,17,24,11,187
1,-5.77,0.98,-5.18,0,17,24,12,255
1,-6.12,0.90,-5.65,0,17,24,13,326
1,-6.04,1.10,-6.16,0,17,24,14,395
1,-6.12,1.06,-6.12,0,17,24,15,466
1,-5.77,0.86,-6.04,0,17,24,16,536
1,-5.92,0.90,-5.84,0,17,24,17,604
1,-6.20,1.06,-6.04,0,17,24,18,673
1,-6.08,1.18,-6.04,0,17,24,19,741
1,-6.08,1.06,-5.92,0,17,24,20,810
1,-6.20,0.78,-5.57,0,17,24,21,879
1,-6.00,0.78,-5.92,0,17,24,22,948
1,-5.88,0.90,-6.16,0,17,24,23,18
1,-5.77,0.71,-6.20,0,17,24,24,86
1,-6.28,0.71,-6.12,0,17,24,25,154
1,-6.16,1.10,-5.57,0,17,24,26,223
1,-5.92,0.86,-5.73,0,17,24,27,294
1,-5.81,0.71,-5.84,0,17,24,28,366
1,-6.16,1.02,-5.73,0,17,24,29,434
1,-6.12,0.86,-6.00,0,17,24,30,502
1,-6.04,0.71,-6.16,0,17,24,31,571
1,-6.00,0.82,-5.77,0,17,24,32,641
1,-6.16,0.75,-5.57,0,17,24,33,709
1,-6.04,0.67,-5.84,0,17,24,34,781
1,-6.00,0.94,-5.81,0,17,24,35,853
1,-6.16,1.18,-5.61,0,17,24,36,925
1,-6.16,1.02,-5.77,0,17,24,37,997
1,-6.28,1.29,-5.61,0,17,24,38,67
1,-6.24,1.22,-5.88,0,17,24,39,136
1,-6.28,1.14,-5.88,0,17,24,40,205
1,-6.35,1.06,-5.57,0,17,24,41,274
1,-6.39,1.26,-5.61,0,17,24,42,346
1,-6.55,0.59,-5.88,0,17,24,43,414
1,-6.24,1.14,-5.88,0,17,24,44,483
1,-6.16,0.98,-5.45,0,17,24,45,551
1,-6.20,1.22,-5.84,0,17,24,46,620
1,-6.16,1.10,-5.88,0,17,24,47,688
1,-6.04,1.18,-5.88,0,17,24,48,758
1,-6.04,1.18,-5.88,0,17,24,49,826
1,-6.00,1.02,-5.92,0,17,24,50,896
1,-5.96,1.06,-5.77,0,17,24,51,964
1,-6.00,0.86,-5.92,0,17,24,52,33
1,-6.04,0.90,-5.96,0,17,24,53,100
1,-6.04,0.94,-6.08,0,17,24,54,170
1,-6.04,0.78,-5.92,0,17,24,55,240
1,-6.12,0.98,-5.73,0,17,24,56,308
1,-6.08,0.75,-6.08,0,17,24,57,378
1,-6.12,0.35,-6.20,0,17,24,58,448
1,-6.04,0.86,-5.92,0,17,24,59,518
1,-5.92,0.63,-5.53,0,17,25,0,588
1,-6.00,0.63,-5.81,0,17,25,1,657
1,-6.04,1.02,-6.12,0,17,25,2,726
1,-6.16,0.71,-6.08,0,17,25,3,798
1,-6.12,0.63,-5.81,0,17,25,4,867
1,-5.88,0.59,-5.65,0,17,25,5,936
1,-6.04,0.55,-5.96,0,17,25,6,6
1,-6.08,0.75,-5.88,0,17,25,7,75
1,-6.28,0.71,-6.00,0,17,25,8,146
1,-6.08,0.90,-6.00,0,17,25,9,215
1,-6.12,0.67,-5.88,0,17,25,10,283
1,-6.20,0.59,-5.77,0,17,25,11,352
1,-5.88,0.75,-5.73,0,17,25,12,429
1,-5.92,0.94,-5.61,0,17,25,13,499
1,-5.88,0.86,-5.81,0,17,25,14,567
1,-6.04,0.71,-5.88,0,17,25,15,636
1,-6.08,0.82,-6.12,0,17,25,16,704
1,-5.92,0.86,-6.20,0,17,25,17,773
1,-6.00,0.82,-5.69,0,17,25,18,842
1,-6.12,0.82,-5.84,0,17,25,19,911
1,-6.12,0.67,-6.04,0,17,25,20,979
1,-6.00,0.90,-5.96,0,17,25,21,52
1,-6.08,0.90,-6.04,0,17,25,22,121
1,-6.51,0.67,-5.84,0,17,25,23,190
1,-6.20,0.82,-5.69,0,17,25,24,258
1,-6.32,0.94,-5.73,0,17,25,25,328
1,-6.16,0.82,-5.92,0,17,25,26,401
1,-5.92,0.78,-6.24,0,17,25,27,469
1,-5.73,1.26,-5.81,0,17,25,28,539
1,-5.77,0.86,-5.65,0,17,25,29,609
1,-6.20,1.02,-5.69,0,17,25,30,677
1,-6.28,1.10,-6.35,0,17,25,31,746
1,-5.81,0.86,-5.96,0,17,25,32,822
1,-5.49,0.78,-5.06,0,17,25,33,893
1,-5.88,0.75,-5.73,0,17,25,34,961
1,-6.28,0.98,-6.39,0,17,25,35,29
1,-6.28,0.86,-6.59,0,17,25,36,100
1,-6.08,0.98,-6.00,0,17,25,37,167
1,-6.00,0.86,-5.69,0,17,25,38,236
1,-5.92,0.59,-5.73,0,17,25,39,303
1,-5.96,0.75,-5.81,0,17,25,40,372
1,-6.16,0.94,-6.28,0,17,25,41,442
1,-6.12,0.75,-5.84,0,17,25,42,511
1,-5.73,0.75,-5.73,0,17,25,43,580
1,-5.84,0.82,-5.77,0,17,25,44,648
1,-6.08,0.67,-6.04,0,17,25,45,718
1,-6.16,0.71,-6.20,0,17,25,46,789
1,-6.08,0.94,-6.04,0,17,25,47,861
1,-5.92,0.78,-5.88,0,17,25,48,931
1,-5.88,0.82,-5.73,0,17,25,49,0
1,-6.12,0.82,-5.73,0,17,25,50,69
1,-6.32,0.98,-6.16,0,17,25,51,142
1,-6.08,1.22,-5.81,0,17,25,52,211
1,-5.84,1.02,-5.26,0,17,25,53,280
1,-6.20,1.10,-5.61,0,17,25,54,351
1,-6.08,1.14,-6.08,0,17,25,55,419
1,-5.96,1.10,-6.12,0,17,25,56,490
1,-6.08,1.33,-5.92,0,17,25,57,559
1,-5.88,1.14,-6.12,0,17,25,58,627
1,-5.73,1.02,-5.96,0,17,25,59,700
1,-5.84,0.94,-5.92,0,17,26,0,769
1,-5.96,0.98,-6.12,0,17,26,1,839
1,-5.96,0.90,-6.24,0,17,26,2,907
1,-5.88,0.71,-6.39,0,17,26,3,976
1,-5.88,0.75,-5.92,0,17,26,4,44
1,-5.69,0.63,-5.92,0,17,26,5,112
1,-5.81,0.59,-6.24,0,17,26,6,181
1,-6.00,0.55,-6.39,0,17,26,7,251
1,-5.73,0.55,-6.43,0,17,26,8,320
1,-5.57,0.67,-5.81,0,17,26,9,389
1,-5.65,0.71,-5.53,0,17,26,10,459
1,-5.77,0.75,-6.00,0,17,26,11,528
1,-5.92,0.75,-5.92,0,17,26,12,597
1,-5.84,0.82,-6.16,0,17,26,13,667
1,-5.45,0.90,-6.43,0,17,26,14,735
1,-5.57,0.90,-6.51,0,17,26,15,804
1,-5.61,0.78,-6.04,0,17,26,16,874
1,-5.61,0.90,-6.08,0,17,26,17,942
1,-5.88,0.90,-5.61,0,17,26,18,10
1,-5.81,0.86,-5.84,0,17,26,19,80
1,-5.73,0.82,-6.20,0,17,26,20,150
1,-5.77,0.71,-5.96,0,17,26,21,220
1,-5.73,0.82,-6.08,0,17,26,22,289
1,-5.61,0.94,-6.32,0,17,26,23,361
1,-5.77,0.86,-6.28,0,17,26,24,430
1,-5.69,0.98,-6.32,0,17,26,25,501
1,-5.65,0.98,-5.92,0,17,26,26,574
1,-6.04,0.55,-6.51,0,17,26,27,652
1,-5.84,0.59,-7.14,0,17,26,28,722
1,-6.00,1.45,-6.39,0,17,26,29,790
1,-6.35,0.98,-5.96,0,17,26,30,886
1,-6.00,1.02,-5.65,0,17,26,31,955
1,-5.81,1.18,-5.14,0,17,26,32,25
1,-5.96,0.90,-4.55,0,17,26,33,99
1,-6.16,0.63,-5.06,0,17,26,34,167
1,-6.35,0.51,-6.00,0,17,26,35,237
1,-6.59,0.51,-6.16,0,17,26,36,308
1,-6.59,0.67,-5.69,0,17,26,37,375
1,-6.39,0.90,-5.73,0,17,26,38,444
1,-6.16,0.90,-5.69,0,17,26,39,512
1,-6.55,0.63,-5.41,0,17,26,40,589
1,-6.12,0.90,-5.61,0,17,26,41,659
1,-6.28,0.98,-5.49,0,17,26,42,727
1,-6.16,0.82,-5.84,0,17,26,43,797
1,-6.16,0.98,-6.00,0,17,26,44,865
1,-6.24,0.98,-5.77,0,17,26,45,933
1,-6.16,0.82,-5.88,0,17,26,46,3
1,-6.16,0.71,-5.88,0,17,26,47,71
1,-6.12,0.86,-5.96,0,17,26,48,143
1,-6.08,0.86,-5.96,0,17,26,49,215
1,-6.08,0.90,-5.81,0,17,26,50,285
1,-6.12,0.98,-5.92,0,17,26,51,354
1,-5.96,0.90,-5.53,0,17,26,52,425
1,-6.04,1.10,-5.65,0,17,26,53,495
1,-6.00,1.18,-6.04,0,17,26,54,563
1,-5.69,0.86,-5.84,0,17,26,55,635
1,-5.88,0.82,-6.08,0,17,26,56,705
1,-5.77,0.90,-6.51,0,17,26,57,776
1,-5.77,0.90,-6.39,0,17,26,58,847
1,-5.77,1.02,-6.24,0,17,26,59,915
1,-5.88,0.98,-5.96,0,17,27,0,985
1,-5.88,1.10,-6.04,0,17,27,1,52
1,-5.92,1.02,-5.96,0,17,27,2,121
1,-5.81,0.94,-5.92,0,17,27,3,190
1,-5.81,0.98,-6.04,0,17,27,4,263
1,-5.92,0.90,-6.35,0,17,27,5,331
1,-5.88,0.82,-6.75,0,17,27,6,401
1,-6.12,0.86,-5.81,0,17,27,7,469
1,-6.08,0.75,-5.06,0,17,27,8,538
1,-6.04,0.98,-5.61,0,17,27,9,622
1,-6.12,0.71,-6.00,0,17,27,10,692
1,-6.12,0.55,-5.77,0,17,27,11,761
1,-6.04,0.67,-5.41,0,17,27,12,831
1,-6.08,0.86,-5.77,0,17,27,13,901
1,-6.12,0.71,-6.08,0,17,27,14,969
1,-6.04,0.90,-5.77,0,17,27,15,37
1,-6.00,0.90,-5.96,0,17,27,16,108
1,-6.08,0.82,-5.84,0,17,27,17,176
1,-5.92,0.67,-6.12,0,17,27,18,246
1,-5.81,0.67,-6.04,0,17,27,19,317
1,-5.92,0.71,-5.84,0,17,27,20,388
1,-6.20,1.06,-6.04,0,17,27,21,457
1,-6.00,1.18,-6.32,0,17,27,22,525
1,-5.53,0.71,-6.35,0,17,27,23,601
1,-6.00,0.75,-5.53,0,17,27,24,671
1,-6.00,0.82,-6.08,0,17,27,25,740
1,-5.69,1.10,-6.47,0,17,27,26,809
1,-6.08,1.02,-5.81,0,17,27,27,878
1,-6.00,0.94,-5.73,0,17,27,28,948
1,-6.00,1.06,-5.81,0,17,27,29,17
1,-6.04,1.06,-5.57,0,17,27,30,85
1,-6.04,1.22,-5.65,0,17,27,31,166
1,-6.04,1.37,-5.61,0,17,27,32,236
1,-5.77,1.14,-5.96,0,17,27,33,306
1,-5.88,1.14,-6.32,0,17,27,34,376
1,-6.16,1.29,-6.71,0,17,27,35,444
1,-5.92,1.29,-6.43,0,17,27,36,515
1,-5.88,1.14,-6.08,0,17,27,37,584
1,-5.88,1.14,-5.81,0,17,27,38,653
1,-5.81,1.02,-5.57,0,17,27,39,722
1,-5.84,1.02,-5.61,0,17,27,40,791
1,-5.77,0.98,-5.81,0,17,27,41,862
1,-6.08,1.14,-5.61,0,17,27,42,931
1,-6.00,0.24,-4.79,0,17,27,43,0
1,-5.61,1.41,-7.85,0,17,27,44,70
1,-5.73,0.90,-7.88,0,17,27,45,137
1,-5.57,0.71,-6.59,0,17,27,46,213
1,-5.30,0.55,-5.53,0,17,27,47,284
1,-5.30,0.35,-5.73,0,17,27,48,352
1,-5.45,0.71,-5.73,0,17,27,49,420
1,-5.53,0.78,-5.41,0,17,27,50,488
1,-5.02,1.10,-5.30,0,17,27,51,556
1,-4.82,0.63,-4.67,0,17,27,52,627
1,-4.67,0.82,-7.92,0,17,27,53,695
1,-4.24,1.84,-7.85,0,17,27,54,766
1,-4.20,0.12,-7.02,0,17,27,55,835
1,-4.43,-0.47,-7.69,0,17,27,56,904
1,-4.39,0.00,-7.61,0,17,27,57,973
1,-4.00,0.55,-6.94,0,17,27,58,41
1,-5.37,1.06,-6.75,0,17,27,59,110
1,-4.94,2.79,-7.06,0,17,28,0,180
1,-5.14,2.08,-6.79,0,17,28,1,248
1,-5.30,1.45,-5.88,0,17,28,2,319
1,-5.02,1.37,-7.45,0,17,28,3,387
1,-5.18,1.45,-6.94,0,17,28,4,456
1,-4.71,1.77,-6.32,0,17,28,5,524
1,-4.39,1.88,-6.43,0,17,28,6,593
1,-4.28,1.45,-6.98,0,17,28,7,662
1,-4.55,1.18,-7.10,0,17,28,8,731
1,-4.39,0.86,-6.86,0,17,28,9,800
1,-4.55,0.59,-6.20,0,17,28,10,870
1,-4.55,0.75,-6.75,0,17,28,11,939
1,-4.28,0.90,-7.06,0,17,28,12,8
1,-3.80,1.02,-7.37,0,17,28,13,78
1,-3.73,1.37,-8.00,0,17,28,14,151
1,-3.53,1.69,-7.57,0,17,28,15,218
1,-2.67,2.28,-7.77,0,17,28,16,289
1,-3.06,2.31,-7.34,0,17,28,17,357
1,-3.06,2.39,-6.79,0,17,28,18,430
1,-3.26,2.51,-7.22,0,17,28,19,500
1,-3.10,1.73,-6.98,0,17,28,20,569
1,-2.90,1.41,-6.79,0,17,28,21,638
1,-3.69,1.53,-7.02,0,17,28,22,707
1,-4.04,0.82,-6.86,0,17,28,23,777
1,-4.08,0.31,-7.18,0,17,28,24,846
1,-3.69,0.59,-6.83,0,17,28,25,939
1,-3.22,0.51,-7.26,0,17,28,26,8
1,-2.94,0.55,-7.85,0,17,28,27,76
1,-3.30,0.39,-7.06,0,17,28,28,157
1,-3.26,0.59,-7.49,0,17,28,29,225
1,-3.37,0.59,-7.22,0,17,28,30,293
1,-3.69,0.24,-7.30,0,17,28,31,361
1,-3.61,0.35,-7.37,0,17,28,32,430
1,-3.65,0.51,-7.26,0,17,28,33,509
1,-3.77,0.75,-7.06,0,17,28,34,577
1,-3.69,0.75,-7.53,0,17,28,35,668
1,-3.65,0.67,-7.22,0,17,28,36,737
1,-4.39,0.71,-5.49,0,17,28,37,811
1,-3.96,0.82,-7.41,0,17,28,38,880
1,-3.92,0.82,-7.18,0,17,28,39,950
1,-3.84,1.06,-7.18,0,17,28,40,19
1,-3.77,0.59,-7.26,0,17,28,41,88
1,-3.80,0.78,-7.06,0,17,28,42,156
1,-4.00,0.90,-6.90,0,17,28,43,226
1,-3.96,0.75,-7.10,0,17,28,44,302
1,-3.96,0.86,-7.18,0,17,28,45,370
1,-4.00,0.67,-7.02,0,17,28,46,440
1,-4.04,0.75,-7.02,0,17,28,47,508
1,-4.12,0.82,-7.14,0,17,28,48,578
1,-4.08,0.71,-6.98,0,17,28,49,765
1,-4.12,0.86,-7.02,0,17,28,50,939
1,-4.00,0.75,-7.02,0,17,28,51,93
1,-3.88,0.90,-7.22,0,17,28,52,254
1,-3.88,0.86,-7.10,0,17,28,53,378
1,-3.92,0.78,-7.10,0,17,28,54,565
1,-3.84,0.98,-7.26,0,17,28,55,764
1,-3.88,0.98,-7.14,0,17,28,56,965
1,-3.88,0.90,-7.18,0,17,28,57,33
1,-3.88,0.86,-7.22,0,17,28,58,197
1,-3.88,0.94,-7.18,0,17,28,59,375
1,-3.88,1.06,-7.10,0,17,29,0,443
1,-3.96,1.02,-7.10,0,17,29,1,513
1,-3.96,0.90,-7.14,0,17,29,2,581
1,-4.00,0.86,-7.18,0,17,29,3,651
1,-3.92,0.78,-6.98,0,17,29,4,720
1,-3.92,0.75,-7.14,0,17,29,5,791
1,-4.00,0.75,-7.18,0,17,29,6,861
1,-3.96,0.67,-7.18,0,17,29,7,931
1,-4.00,0.82,-7.18,0,17,29,8,3
1,-3.96,0.98,-7.18,0,17,29,9,71
1,-4.00,0.86,-7.10,0,17,29,10,141
1,-4.00,0.82,-7.02,0,17,29,11,209
1,-3.96,0.78,-7.14,0,17,29,12,279
1,-3.96,0.86,-7.18,0,17,29,13,349
1,-4.04,0.82,-7.06,0,17,29,14,419
1,-4.00,0.86,-7.02,0,17,29,15,490
1,-4.00,0.82,-7.02,0,17,29,16,560
1,-4.00,0.82,-7.18,0,17,29,17,628
1,-4.00,0.90,-7.10,0,17,29,18,706
1,-4.00,0.67,-7.06,0,17,29,19,775
1,-3.96,0.63,-7.18,0,17,29,20,853
1,-4.08,0.86,-7.18,0,17,29,21,922
1,-3.77,0.90,-7.26,0,17,29,22,991
1,-3.80,0.75,-6.83,0,17,29,23,61
1,-3.88,0.67,-7.14,0,17,29,24,136
1,-3.96,0.67,-7.53,0,17,29,25,208
1,-3.92,0.86,-7.37,0,17,29,26,275
1,-3.80,0.75,-7.41,0,17,29,27,344
1,-3.73,0.71,-7.18,0,17,29,28,413
1,-3.96,0.78,-7.18,0,17,29,29,481
1,-4.08,1.02,-7.18,0,17,29,30,551
1,-3.88,0.59,-7.26,0,17,29,31,619
1,-3.96,0.78,-6.79,0,17,29,32,690
1,-4.20,0.67,-6.83,0,17,29,33,758
1,-4.20,0.55,-7.06,0,17,29,34,826
1,-4.20,0.75,-6.94,0,17,29,35,900
1,-4.24,0.78,-6.90,0,17,29,36,980
1,-4.24,0.78,-6.94,0,17,29,37,53
1,-4.24,0.71,-6.98,0,17,29,38,123
1,-4.24,0.78,-7.02,0,17,29,39,195
1,-4.24,0.78,-6.90,0,17,29,40,264
1,-4.16,0.71,-7.06,0,17,29,41,332
1,-4.20,0.78,-7.06,0,17,29,42,403
1,-4.16,0.71,-6.90,0,17,29,43,473
1,-4.20,0.75,-7.06,0,17,29,44,542
1,-4.12,0.75,-7.10,0,17,29,45,614
1,-4.12,0.71,-7.06,0,17,29,46,693
1,-4.12,0.71,-6.98,0,17,29,47,763
1,-4.08,0.71,-7.06,0,17,29,48,832
1,-4.12,0.75,-7.02,0,17,29,49,900
1,-4.12,0.82,-7.14,0,17,29,50,969
1,-4.12,0.75,-7.06,0,17,29,51,37
1,-4.20,0.82,-6.98,0,17,29,52,106
1,-4.24,0.82,-7.18,0,17,29,53,175
1,-4.20,0.86,-6.98,0,17,29,54,244
1,-4.20,0.78,-7.06,0,17,29,55,313
1,-4.20,0.75,-6.94,0,17,29,56,382
1,-4.20,0.78,-7.06,0,17,29,57,450
1,-4.24,0.78,-7.06,0,17,29,58,528
1,-4.20,0.82,-7.10,0,17,29,59,596
1,-4.20,0.86,-7.02,0,17,30,0,665
1,-4.24,0.75,-7.06,0,17,30,1,735
1,-4.12,0.82,-7.10,0,17,30,2,814
1,-4.20,0.82,-6.98,0,17,30,3,885
1,-4.24,0.78,-6.98,0,17,30,4,954
1,-4.24,0.82,-6.98,0,17,30,5,21
1,-4.24,0.86,-6.94,0,17,30,6,141
1,-4.24,0.78,-6.98,0,17,30,7,209
1,-4.20,0.75,-6.86,0,17,30,8,279
1,-4.20,0.78,-7.02,0,17,30,9,402
1,-4.28,0.78,-7.06,0,17,30,10,475
1,-4.24,0.71,-6.94,0,17,30,11,545
1,-4.24,0.78,-6.90,0,17,30,12,614
1,-4.28,0.82,-7.06,0,17,30,13,684
1,-4.20,0.86,-7.02,0,17,30,14,752
1,-4.16,0.78,-7.14,0,17,30,15,822
1,-4.20,0.82,-7.02,0,17,30,16,893
1,-4.20,0.75,-7.02,0,17,30,17,963
1,-4.16,0.86,-6.90,0,17,30,18,32
1,-4.16,0.90,-7.02,0,17,30,19,101
1,-4.08,0.82,-7.26,0,17,30,20,169
1,-4.16,0.75,-7.06,0,17,30,21,239
1,-4.12,0.86,-6.98,0,17,30,22,308
1,-4.12,0.78,-7.02,0,17,30,23,378
1,-4.08,0.86,-7.06,0,17,30,24,448
1,-4.12,0.86,-7.10,0,17,30,25,516
1,-4.16,0.86,-7.06,0,17,30,26,589
1,-4.12,0.86,-6.98,0,17,30,27,657
1,-4.12,0.82,-7.10,0,17,30,28,727
1,-4.16,0.94,-6.98,0,17,30,29,796
1,-4.12,0.82,-7.10,0,17,30,30,865
1,-4.24,0.82,-7.10,0,17,30,31,934
1,-4.20,0.86,-7.02,0,17,30,32,1
1,-4.20,0.82,-7.02,0,17,30,33,70
1,-4.12,0.82,-6.98,0,17,30,34,139
1,-4.16,0.82,-7.06,0,17,30,35,209
1,-4.20,0.82,-7.02,0,17,30,36,280
1,-4.12,0.94,-7.14,0,17,30,37,357
1,-4.20,0.78,-6.94,0,17,30,38,428
1,-4.12,0.86,-7.14,0,17,30,39,497
1,-4.16,0.86,-7.02,0,17,30,40,566
1,-4.16,0.90,-7.06,0,17,30,41,637
1,-4.08,0.90,-7.02,0,17,30,42,705
1,-4.16,0.86,-7.10,0,17,30,43,773
1,-4.08,0.86,-7.02,0,17,30,44,842
1,-4.08,0.86,-7.02,0,17,30,45,913
1,-4.16,0.94,-7.06,0,17,30,46,982
1,-4.12,0.82,-7.06,0,17,30,47,52
1,-4.12,0.90,-7.06,0,17,30,48,120
1,-4.08,0.86,-7.06,0,17,30,49,189
1,-4.12,0.82,-7.02,0,17,30,50,260
1,-4.08,0.94,-7.06,0,17,30,51,329
1,-4.08,0.82,-7.06,0,17,30,52,398
1,-4.08,0.86,-7.10,0,17,30,53,467
1,-4.04,0.86,-7.14,0,17,30,54,535
1,-3.96,0.82,-6.94,0,17,30,55,604
1,-4.04,0.86,-7.10,0,17,30,56,672
1,-4.04,0.86,-7.14,0,17,30,57,763
1,-4.04,0.78,-7.10,0,17,30,58,839
1,-4.00,0.78,-7.06,0,17,30,59,911
1,-4.04,0.86,-7.18,0,17,31,0,979
1,-4.04,0.86,-7.14,0,17,31,1,49
1,-3.96,0.86,-7.10,0,17,31,2,118
1,-4.00,0.86,-7.06,0,17,31,3,187
1,-4.00,0.90,-7.10,0,17,31,4,258
1,-4.04,0.82,-7.10,0,17,31,5,329
1,-3.96,0.78,-7.10,0,17,31,6,398
1,-4.00,0.82,-7.14,0,17,31,7,467
1,-4.00,0.78,-7.06,0,17,31,8,536
1,-3.88,0.82,-7.14,0,17,31,9,605
1,-3.92,0.86,-7.18,0,17,31,10,677

